1582191697 0 0 0 0 0 0 0 1 0
1582191865 0 0 0 0 0 0 0 1 1
1582193524 0 1 0 0 0 0 0 1 1
1582193721 0 2 0 0 0 0 0 1 1
1582196427 0 2 0 0 0 1 0 1 1
1582199491 0 2 0 0 0 2 0 1 1
1582200686 0 2 0 0 0 3 0 1 1
1582210717 0 2 0 0 0 4 0 1 1
1582213522 0 3 0 0 0 4 0 1 1
1582258042 0 3 0 0 0 5 0 1 1
1582274070 1 3 0 0 0 5 0 1 1
1582275597 1 4 0 0 0 5 0 1 1
1582275926 2 4 0 0 0 5 0 1 1
1582276710 2 5 0 0 0 5 0 1 1
1582276743 2 6 0 0 0 5 0 1 1
1582276979 2 7 0 0 0 5 0 1 1
1582277093 3 7 0 0 0 5 0 1 1
1582277113 4 7 0 0 0 5 0 1 1
1582277405 4 8 0 0 0 5 0 1 1
1582280436 4 9 0 0 0 5 0 1 1
1582280444 4 10 0 0 0 5 0 1 1
1582280480 4 11 0 0 0 5 0 1 1
1582282678 5 11 0 0 0 5 0 1 1
1582282971 6 11 0 0 0 5 0 1 1
1582295815 7 11 0 0 0 5 0 1 1
1582297023 8 11 0 0 0 5 0 1 1
1582299736 9 11 0 0 0 5 0 1 1
1582382294 9 11 0 0 0 5 1 1 1
1582389416 9 12 0 0 0 5 1 1 1
1582429122 10 12 0 0 0 5 1 1 1
1582435439 11 12 0 0 0 5 1 1 1
1582442198 12 12 0 0 0 5 1 1 1
1582444536 13 12 0 0 0 5 1 1 1
1582474245 13 12 0 0 0 5 2 1 1
1582475340 14 12 0 0 0 5 2 1 1
1582475360 15 12 0 0 0 5 2 1 1
1582512518 16 12 0 0 0 5 2 1 1
1582519252 17 12 0 0 0 5 2 1 1
1582520434 17 13 0 0 0 5 2 1 1
1582520549 17 14 0 0 0 5 2 1 1
1582520849 17 14 0 0 0 5 3 1 1
1582522429 17 14 0 0 0 5 4 1 1
1582526523 17 15 0 0 0 5 4 1 1
1582526628 17 16 0 0 0 5 4 1 1
1582533113 17 16 0 0 0 5 5 1 1
1582535013 18 16 0 0 0 5 5 1 1
1582535029 19 16 0 0 0 5 5 1 1
1582538248 19 16 0 0 0 5 6 1 1
1582566876 19 16 0 0 0 5 7 1 1
1582602353 20 16 0 0 0 5 7 1 1
1582602355 20 17 0 0 0 5 7 1 1
1582602363 20 18 0 0 0 5 7 1 1
1582602438 20 19 0 0 0 5 7 1 1
1582602576 21 19 0 0 0 5 7 1 1
1582602598 22 19 0 0 0 5 7 1 1
1582603146 23 19 0 0 0 5 7 1 1
1582604363 24 19 0 0 0 5 7 1 1
1582606242 24 19 0 0 0 5 8 1 1
1582606395 24 19 0 0 0 5 9 1 1
1582606701 25 19 0 0 0 5 9 1 1
1582606716 26 19 0 0 0 5 9 1 1
1582616372 27 19 0 0 0 5 9 1 1
1582617736 28 19 0 0 0 5 9 1 1
1582618054 29 19 0 0 0 5 9 1 1
1582618249 30 19 0 0 0 5 9 1 1
1582619559 31 19 0 0 0 5 9 1 1
1582620230 31 20 0 0 0 5 9 1 1
1582620419 32 20 0 0 0 5 9 1 1
1582620942 32 21 0 0 0 5 9 1 1
1582622168 32 21 0 0 0 5 10 1 1
1582622262 32 21 0 0 0 5 11 1 1
1582623136 33 21 0 0 0 5 11 1 1
1582623616 34 21 0 0 0 5 11 1 1
1582623740 34 22 0 0 0 5 11 1 1
1582623747 34 23 0 0 0 5 11 1 1
1582627290 34 24 0 0 0 5 11 1 1
1582630309 34 24 0 0 1 5 11 1 1
1582630342 34 24 0 0 2 5 11 1 1
1582639646 34 24 0 0 3 5 11 1 1
1582640174 34 24 0 0 4 5 11 1 1
1582647189 34 24 0 0 4 5 12 1 1
1582688777 34 25 0 0 4 5 12 1 1
1582689395 35 25 0 0 4 5 12 1 1
1582689473 36 25 0 0 4 5 12 1 1
1582690421 37 25 0 0 4 5 12 1 1
1582691880 37 26 0 0 4 5 12 1 1
1582691945 37 27 0 0 4 5 12 1 1
1582691960 37 28 0 0 4 5 12 1 1
1582694805 37 29 0 0 4 5 12 1 1
1582695367 37 30 0 0 4 5 12 1 1
1582709120 38 30 0 0 4 5 12 1 1
1582715713 38 30 0 0 4 6 12 1 1
1582772372 38 30 0 0 4 7 12 1 1
1582775679 39 30 0 0 4 7 12 1 1
1582775933 39 31 0 0 4 7 12 1 1
1582775944 40 31 0 0 4 7 12 1 1
1582776206 41 31 0 0 4 7 12 1 1
1582776721 41 31 0 0 4 8 12 1 1
1582776896 41 32 0 0 4 8 12 1 1
1582776992 41 33 0 0 4 8 12 1 1
1582777548 41 34 0 0 4 8 12 1 1
1582778160 42 34 0 0 4 8 12 1 1
1582778329 43 34 0 0 4 8 12 1 1
1582778882 44 34 0 0 4 8 12 1 1
1582780007 45 34 0 0 4 8 12 1 1
1582780187 46 34 0 0 4 8 12 1 1
1582781284 46 35 0 0 4 8 12 1 1
1582781295 46 36 0 0 4 8 12 1 1
1582789348 47 36 0 0 4 8 12 1 1
1582789688 47 37 0 0 4 8 12 1 1
1582789714 47 38 0 0 4 8 12 1 1
1582790014 47 39 0 0 4 8 12 1 1
1582790036 47 40 0 0 4 8 12 1 1
1582794752 48 40 0 0 4 8 12 1 1
1582796219 49 40 0 0 4 8 12 1 1
1582803706 49 41 0 0 4 8 12 1 1
1582809355 49 42 0 0 4 8 12 1 1
1582814996 49 43 0 0 4 8 12 1 1
1582819410 49 44 0 0 4 8 12 1 1
1582858967 49 45 0 0 4 8 12 1 1
1582860915 49 46 0 0 4 8 12 1 1
1582862206 50 46 0 0 4 8 12 1 1
1582862448 51 46 0 0 4 8 12 1 1
1582862910 52 46 0 0 4 8 12 1 1
1582862920 52 47 0 0 4 8 12 1 1
1582864104 53 47 0 0 4 8 12 1 1
1582864117 54 47 0 0 4 8 12 1 1
1582864595 55 47 0 0 4 8 12 1 1
1582868463 55 48 0 0 4 8 12 1 1
1582869709 55 49 0 0 4 8 12 1 1
1582870476 55 49 0 0 4 8 13 1 1
1582874088 56 49 0 0 4 8 13 1 1
1582874383 57 49 0 0 4 8 13 1 1
1582874495 58 49 0 0 4 8 13 1 1
1582875003 59 49 0 0 4 8 13 1 1
1582889271 59 50 0 0 4 8 13 1 1
1582902327 60 50 0 0 4 8 13 1 1
1582903359 61 50 0 0 4 8 13 1 1
1582904056 62 50 0 0 4 8 13 1 1
1582954839 62 51 0 0 4 8 13 1 1
1582968771 63 51 0 0 4 8 13 1 1
1582971427 64 51 0 0 4 8 13 1 1
1582971543 65 51 0 0 4 8 13 1 1
1582985035 66 51 0 0 4 8 13 1 1
1582985672 67 51 0 0 4 8 13 1 1
1582986356 68 51 0 0 4 8 13 1 1
1582987055 69 51 0 0 4 8 13 1 1
1582988018 70 51 0 0 4 8 13 1 1
1582988473 71 51 0 0 4 8 13 1 1
1582989496 72 51 0 0 4 8 13 1 1
1583032439 72 52 0 0 4 8 13 1 1
1583033927 72 53 0 0 4 8 13 1 1
1583034046 72 54 0 0 4 8 13 1 1
1583034853 72 55 0 0 4 8 13 1 1
1583035156 72 56 0 0 4 8 13 1 1
1583035698 72 57 0 0 4 8 13 1 1
1583036589 72 58 0 0 4 8 13 1 1
1583042114 73 58 0 0 4 8 13 1 1
1583042689 74 58 0 0 4 8 13 1 1
1583044500 75 58 0 0 4 8 13 1 1
1583047493 76 58 0 0 4 8 13 1 1
1583052680 76 59 0 0 4 8 13 1 1
1583052754 76 60 0 0 4 8 13 1 1
1583052815 76 61 0 0 4 8 13 1 1
1583055150 76 62 0 0 4 8 13 1 1
1583071176 77 62 0 0 4 8 13 1 1
1583072712 78 62 0 0 4 8 13 1 1
1583073150 79 62 0 0 4 8 13 1 1
1583073448 80 62 0 0 4 8 13 1 1
1583073639 80 63 0 0 4 8 13 1 1
1583074354 81 63 0 0 4 8 13 1 1
1583074417 81 64 0 0 4 8 13 1 1
1583074837 82 64 0 0 4 8 13 1 1
1583074947 83 64 0 0 4 8 13 1 1
1583075376 84 64 0 0 4 8 13 1 1
1583075446 85 64 0 0 4 8 13 1 1
1583076363 86 64 0 0 4 8 13 1 1
1583077051 87 64 0 0 4 8 13 1 1
1583077765 87 65 0 0 4 8 13 1 1
1583077773 87 66 0 0 4 8 13 1 1
1583077869 87 67 0 0 4 8 13 1 1
1583084003 87 67 0 0 4 9 13 1 1
1583121242 88 67 0 0 4 9 13 1 1
1583124093 88 67 0 0 5 9 13 1 1
1583126543 89 67 0 0 5 9 13 1 1
1583127402 89 67 0 0 6 9 13 1 1
1583127428 89 67 0 0 7 9 13 1 1
1583127790 89 67 0 0 8 9 13 1 1
1583128972 89 68 0 0 8 9 13 1 1
1583129530 90 68 0 0 8 9 13 1 1
1583129544 91 68 0 0 8 9 13 1 1
1583159645 91 69 0 0 8 9 13 1 1
1583160274 91 70 0 0 8 9 13 1 1
1583210608 92 70 0 0 8 9 13 1 1
1583211815 93 70 0 0 8 9 13 1 1
1583224148 94 70 0 0 8 9 13 1 1
1583229175 95 70 0 0 8 9 13 1 1
1583244455 96 70 0 0 8 9 13 1 1
1583247278 97 70 0 0 8 9 13 1 1
1583295812 98 70 0 0 8 9 13 1 1
1583297319 99 70 0 0 8 9 13 1 1
1583297412 99 70 1 0 8 9 13 1 1
1583303349 99 71 1 0 8 9 13 1 1
1583306479 100 71 1 0 8 9 13 1 1
1583306498 101 71 1 0 8 9 13 1 1
1583309009 101 72 1 0 8 9 13 1 1
1583309115 101 73 1 0 8 9 13 1 1
1583310181 102 73 1 0 8 9 13 1 1
1583310194 103 73 1 0 8 9 13 1 1
1583310204 103 74 1 0 8 9 13 1 1
1583310301 103 75 1 0 8 9 13 1 1
1583310539 103 76 1 0 8 9 13 1 1
1583310602 103 77 1 0 8 9 13 1 1
1583313495 104 77 1 0 8 9 13 1 1
1583313507 105 77 1 0 8 9 13 1 1
1583316929 105 78 1 0 8 9 13 1 1
1583318513 106 78 1 0 8 9 13 1 1
1583318720 107 78 1 0 8 9 13 1 1
1583319662 108 78 1 0 8 9 13 1 1
1583322834 108 79 1 0 8 9 13 1 1
1583322862 108 80 1 0 8 9 13 1 1
1583322893 108 81 1 0 8 9 13 1 1
1583324835 108 82 1 0 8 9 13 1 1
1583336611 108 82 1 0 8 10 13 1 1
1583340344 108 83 1 0 8 10 13 1 1
1583341636 108 84 1 0 8 10 13 1 1
1583383105 108 85 1 0 8 10 13 1 1
1583383256 108 86 1 0 8 10 13 1 1
1583384036 108 87 1 0 8 10 13 1 1
1583386969 108 88 1 0 8 10 13 1 1
1583388454 108 88 1 0 8 10 14 1 1
1583395959 109 88 1 0 8 10 14 1 1
1583396120 110 88 1 0 8 10 14 1 1
1583397027 110 89 1 0 8 10 14 1 1
1583397034 110 90 1 0 8 10 14 1 1
1583399809 110 91 1 0 8 10 14 1 1
1583401452 110 92 1 0 8 10 14 1 1
1583401488 110 93 1 0 8 10 14 1 1
1583403296 110 94 1 0 8 10 14 1 1
1583403669 110 95 1 0 8 10 14 1 1
1583406708 110 96 1 0 8 10 14 1 1
1583420461 111 96 1 0 8 10 14 1 1
1583420863 112 96 1 0 8 10 14 1 1
1583422516 112 96 1 0 8 10 15 1 1
1583423455 113 96 1 0 8 10 15 1 1
1583423754 113 96 1 0 8 10 16 1 1
1583425755 114 96 1 0 8 10 16 1 1
1583426320 115 96 1 0 8 10 16 1 1
1583461235 115 97 1 0 8 10 16 1 1
1583464401 115 98 1 0 8 10 16 1 1
1583464712 115 98 1 0 8 11 16 1 1
1583466287 116 98 1 0 8 11 16 1 1
1583467151 117 98 1 0 8 11 16 1 1
1583467342 118 98 1 0 8 11 16 1 1
1583467738 119 98 1 0 8 11 16 1 1
1583468599 119 99 1 0 8 11 16 1 1
1583468739 119 100 1 0 8 11 16 1 1
1583469375 119 101 1 0 8 11 16 1 1
1583475087 119 101 1 0 8 11 17 1 1
1583475463 119 102 1 0 8 11 17 1 1
1583488855 119 103 1 0 8 11 17 1 1
1583489432 119 104 1 0 8 11 17 1 1
1583490285 119 105 1 0 8 11 17 1 1
1583507550 119 106 1 0 8 11 17 1 1
1583515806 119 107 1 0 8 11 17 1 1
1583554099 120 107 1 0 8 11 17 1 1
1583558420 121 107 1 0 8 11 17 1 1
1583558867 121 108 1 0 8 11 17 1 1
1583558876 121 109 1 0 8 11 17 1 1
1583563521 121 110 1 0 8 11 17 1 1
1583564982 121 111 1 0 8 11 17 1 1
1583566849 121 112 1 0 8 11 17 1 1
1583566931 122 112 1 0 8 11 17 1 1
1583567014 123 112 1 0 8 11 17 1 1
1583569051 123 113 1 0 8 11 17 1 1
1583569078 123 114 1 0 8 11 17 1 1
1583570789 123 115 1 0 8 11 17 1 1
1583574612 123 115 1 0 8 11 18 1 1
1583577156 123 116 1 0 8 11 18 1 1
1583577782 123 117 1 0 8 11 18 1 1
1583583312 123 118 1 0 8 11 18 1 1
1583584561 123 119 1 0 8 11 18 1 1
1583590642 123 120 1 0 8 11 18 1 1
1583595353 124 120 1 0 8 11 18 1 1
1583596765 125 120 1 0 8 11 18 1 1
1583597588 126 120 1 0 8 11 18 1 1
1583600179 126 120 1 0 8 11 19 1 1
1583652534 126 120 1 0 8 11 20 1 1
1583652551 127 120 1 0 8 11 20 1 1
1583652641 128 120 1 0 8 11 20 1 1
1583654368 128 120 1 0 8 11 21 1 1
1583654386 128 120 1 0 8 11 22 1 1
1583654426 128 120 1 0 8 11 23 1 1
1583683863 128 121 1 0 8 11 23 1 1
1583719088 128 122 1 0 8 11 23 1 1
1583724200 128 123 1 0 8 11 23 1 1
1583725690 129 123 1 0 8 11 23 1 1
1583728180 129 124 1 0 8 11 23 1 1
1583728437 130 124 1 0 8 11 23 1 1
1583728455 131 124 1 0 8 11 23 1 1
1583729379 132 124 1 0 8 11 23 1 1
1583729909 133 124 1 0 8 11 23 1 1
1583736334 134 124 1 0 8 11 23 1 1
1583738128 135 124 1 0 8 11 23 1 1
1583739859 136 124 1 0 8 11 23 1 1
1583743802 136 125 1 0 8 11 23 1 1
1583743836 136 126 1 0 8 11 23 1 1
1583744795 137 126 1 0 8 11 23 1 1
1583744811 138 126 1 0 8 11 23 1 1
1583747453 138 127 1 0 8 11 23 1 1
1583748675 138 128 1 0 8 11 23 1 1
1583750469 139 128 1 0 8 11 23 1 1
1583750519 140 128 1 0 8 11 23 1 1
1583752306 141 128 1 0 8 11 23 1 1
1583765534 142 128 1 0 8 11 23 1 1
1583766386 143 128 1 0 8 11 23 1 1
1583824444 144 128 1 0 8 11 23 1 1
1583824896 144 128 1 0 8 12 23 1 1
1583830567 145 128 1 0 8 12 23 1 1
1583830580 146 128 1 0 8 12 23 1 1
1583830696 146 129 1 0 8 12 23 1 1
1583831114 146 129 1 0 9 12 23 1 1
1583831164 146 129 1 0 10 12 23 1 1
1583846183 147 129 1 0 10 12 23 1 1
1583849144 148 129 1 0 10 12 23 1 1
1583849624 149 129 1 0 10 12 23 1 1
1583854490 150 129 1 0 10 12 23 1 1
1583897538 150 130 1 0 10 12 23 1 1
1583897699 151 130 1 0 10 12 23 1 1
1583897720 151 131 1 0 10 12 23 1 1
1583897789 152 131 1 0 10 12 23 1 1
1583897822 152 132 1 0 10 12 23 1 1
1583899035 152 133 1 0 10 12 23 1 1
1583899763 153 133 1 0 10 12 23 1 1
1583899777 154 133 1 0 10 12 23 1 1
1583901818 155 133 1 0 10 12 23 1 1
1583911619 155 134 1 0 10 12 23 1 1
1583911631 155 135 1 0 10 12 23 1 1
1583914575 156 135 1 0 10 12 23 1 1
1583915324 157 135 1 0 10 12 23 1 1
1583918084 158 135 1 0 10 12 23 1 1
1583918231 158 135 1 0 10 12 24 1 1
1583919648 158 135 1 0 10 12 25 1 1
1583921822 159 135 1 0 10 12 25 1 1
1583921837 160 135 1 0 10 12 25 1 1
1583982721 160 135 1 0 10 12 26 1 1
1583984334 160 136 1 0 10 12 26 1 1
1583985139 160 137 1 0 10 12 26 1 1
1583986651 161 137 1 0 10 12 26 1 1
1583986711 162 137 1 0 10 12 26 1 1
1583998038 162 138 1 0 10 12 26 1 1
1583998199 162 138 1 0 10 12 27 1 1
1584011267 162 139 1 0 10 12 27 1 1
1584011273 162 140 1 0 10 12 27 1 1
1584020132 163 140 1 0 10 12 27 1 1
1584020141 164 140 1 0 10 12 27 1 1
1584025596 165 140 1 0 10 12 27 1 1
1584026029 166 140 1 0 10 12 27 1 1
1584030860 166 141 1 0 10 12 27 1 1
1584030868 166 142 1 0 10 12 27 1 1
1584032552 166 142 1 0 10 13 27 1 1
1584034722 166 143 1 0 10 13 27 1 1
1584065161 166 144 1 0 10 13 27 1 1
1584065468 166 145 1 0 10 13 27 1 1
1584070716 166 146 1 0 10 13 27 1 1
1584071121 166 147 1 0 10 13 27 1 1
1584071615 167 147 1 0 10 13 27 1 1
1584072058 168 147 1 0 10 13 27 1 1
1584072132 168 147 1 0 10 14 27 1 1
1584075054 169 147 1 0 10 14 27 1 1
1584075067 170 147 1 0 10 14 27 1 1
1584075165 170 147 1 0 10 15 27 1 1
1584079540 170 148 1 0 10 15 27 1 1
1584081322 170 149 1 0 10 15 27 1 1
1584081331 170 150 1 0 10 15 27 1 1
1584083242 170 151 1 0 10 15 27 1 1
1584084847 171 151 1 0 10 15 27 1 1
1584084858 172 151 1 0 10 15 27 1 1
1584091334 173 151 1 0 10 15 27 1 1
1584091950 173 152 1 0 10 15 27 1 1
1584092036 173 153 1 0 10 15 27 1 1
1584092049 173 154 1 0 10 15 27 1 1
1584092613 174 154 1 0 10 15 27 1 1
1584093652 174 155 1 0 10 15 27 1 1
1584093681 174 156 1 0 10 15 27 1 1
1584094410 174 157 1 0 10 15 27 1 1
1584095062 174 158 1 0 10 15 27 1 1
1584098362 175 158 1 0 10 15 27 1 1
1584098393 176 158 1 0 10 15 27 1 1
1584111377 177 158 1 0 10 15 27 1 1
1584111793 178 158 1 0 10 15 27 1 1
1584117244 178 159 1 0 10 15 27 1 1
1584158999 179 159 1 0 10 15 27 1 1
1584166575 180 159 1 0 10 15 27 1 1
1584171334 180 160 1 0 10 15 27 1 1
1584171343 180 161 1 0 10 15 27 1 1
1584171866 180 162 1 0 10 15 27 1 1
1584174095 180 163 1 0 10 15 27 1 1
1584194792 181 163 1 0 10 15 27 1 1
1584196589 182 163 1 0 10 15 27 1 1
1584197672 183 163 1 0 10 15 27 1 1
1584198334 184 163 1 0 10 15 27 1 1
1584215002 184 163 1 0 10 15 28 1 1
1584249686 185 163 1 0 10 16 28 1 1
1584249746 185 163 1 0 10 17 28 1 1
1584258999 185 163 1 0 10 18 28 1 1
1584267028 185 163 1 0 10 18 29 1 1
1584327867 185 163 1 0 10 18 30 1 1
1584330482 185 164 1 0 10 18 30 1 1
1584330523 185 165 1 0 10 18 30 1 1
1584330571 185 166 1 0 10 18 30 1 1
1584332823 186 166 1 0 10 18 30 1 1
1584332833 187 166 1 0 10 18 30 1 1
1584334590 188 166 1 0 10 18 30 1 1
1584343177 189 166 1 0 10 18 30 1 1
1584347287 189 167 1 0 10 18 30 1 1
1584347340 189 168 1 0 10 18 30 1 1
1584350898 189 169 1 0 10 18 30 1 1
1584354436 190 169 1 0 10 18 30 1 1
1584356505 190 170 1 0 10 18 30 1 1
1584356515 190 171 1 0 10 18 30 1 1
1584370925 190 171 1 0 11 18 30 1 1
1584374650 190 172 1 0 11 18 30 1 1
1584375421 190 173 1 0 11 18 30 1 1
1584378800 190 174 1 0 11 18 30 1 1
1584380127 190 175 1 0 11 18 30 1 1
1584410420 191 175 1 0 11 18 30 1 1
1584410725 192 175 1 0 11 18 30 1 1
1584413052 192 176 1 0 11 18 30 1 1
1584413063 192 177 1 0 11 18 30 1 1
1584413160 192 178 1 0 11 18 30 1 1
1584440034 193 178 1 0 11 18 30 1 1
1584441473 194 178 1 0 11 18 30 1 1
1584442097 195 178 1 0 11 18 30 1 1
1584456217 196 178 1 0 11 18 30 1 1
1584504990 196 178 1 0 11 18 31 1 1
1584507772 196 179 1 0 11 18 31 1 1
1584507789 196 180 1 0 11 18 31 1 1
1584516604 196 181 1 0 11 18 31 1 1
1584517861 196 182 1 0 11 18 31 1 1
1584518745 196 182 1 0 12 18 31 1 1
1584520448 196 182 1 0 13 18 31 1 1
1584520639 196 183 1 0 13 18 31 1 1
1584521520 196 184 1 0 13 18 31 1 1
1584521860 196 184 1 0 13 19 31 1 1
1584527307 196 185 1 0 13 19 31 1 1
1584544699 196 186 1 0 13 19 31 1 1
1584544819 196 187 1 0 13 19 31 1 1
1584589552 197 187 1 0 13 19 31 1 1
1584591991 198 187 1 0 13 19 31 1 1
1584596298 198 188 1 0 13 19 31 1 1
1584596432 198 189 1 0 13 19 31 1 1
1584596595 198 190 1 0 13 19 31 1 1
1584601779 198 191 1 0 13 19 31 1 1
1584602846 199 191 1 0 13 19 31 1 1
1584607451 200 191 1 0 13 19 31 1 1
1584625344 201 191 1 0 13 19 31 1 1
1584634199 202 191 1 0 13 19 31 1 1
1584637512 202 191 1 0 14 19 31 1 1
1584643279 202 191 1 0 14 20 31 1 1
1584670259 202 191 1 0 14 20 32 1 1
1584679433 202 191 1 0 14 21 32 1 1
1584683058 202 191 1 0 14 22 32 1 1
1584689626 203 191 1 0 14 22 32 1 1
1584697321 203 191 1 0 14 23 32 1 1
1584789370 203 191 1 0 14 23 32 2 1
1584871903 204 191 1 0 14 23 32 2 1
1584949031 205 191 1 0 14 23 32 2 1
1584949780 206 191 1 0 14 23 32 2 1
1584950271 207 191 1 0 14 23 32 2 1
1584951021 208 191 1 0 14 23 32 2 1
1584960796 209 191 1 0 14 23 32 2 1
1585046113 209 191 1 0 14 24 32 2 1
1585047197 210 191 1 0 14 24 32 2 1
1585062304 211 191 1 0 14 24 32 2 1
1585121511 212 191 1 0 14 24 32 2 1
1585125153 213 191 1 0 14 24 32 2 1
1585126254 213 191 1 0 14 25 32 2 1
1585142860 214 191 1 0 14 25 32 2 1
1585142879 215 191 1 0 14 25 32 2 1
1585145268 216 191 1 0 14 25 32 2 1
1585146420 217 191 1 0 14 25 32 2 1
1585193900 218 191 1 0 14 25 32 2 1
1585206664 219 191 1 0 14 25 32 2 1
1585207896 220 191 1 0 14 25 32 2 1
1585213608 221 191 1 0 14 25 32 2 1
1585213719 222 191 1 0 14 25 32 2 1
1585213966 222 191 1 0 14 26 32 2 1
1585234118 223 191 1 0 14 26 32 2 1
1585281141 224 191 1 0 14 26 32 2 1
1585282911 225 191 1 0 14 26 32 2 1
1585289307 225 192 1 0 14 26 32 2 1
1585319728 226 192 1 0 14 26 32 2 1
1585371416 227 192 1 0 14 26 32 2 1
1585376877 227 192 1 0 14 27 32 2 1
1585404520 228 192 1 0 14 27 32 2 1
1585406823 229 192 1 0 14 27 32 2 1
1585490386 230 192 1 0 14 27 32 2 1
1585490821 231 192 1 0 14 27 32 2 1
1585490984 232 192 1 0 14 27 32 2 1
1585491633 233 192 1 0 14 27 32 2 1
1585491877 234 192 1 0 14 27 32 2 1
1585492027 235 192 1 0 14 27 32 2 1
1585497787 235 193 1 0 14 27 32 2 1
1585497805 235 194 1 0 14 27 32 2 1
1585539234 236 194 1 0 14 27 32 2 1
1585539526 237 194 1 0 14 27 32 2 1
1585540522 238 194 1 0 14 27 32 2 1
1585541091 239 194 1 0 14 27 32 2 1
1585549765 240 194 1 0 14 27 32 2 1
1585571853 240 194 1 0 14 28 32 2 1
1585577924 240 195 1 0 14 28 32 2 1
1585579859 240 195 1 0 14 29 32 2 1
1585627907 240 196 1 0 14 29 32 2 1
1585627939 240 197 1 0 14 29 32 2 1
1585636871 240 198 1 0 14 29 32 2 1
1585637015 240 199 1 0 14 29 32 2 1
1585638789 240 200 1 0 14 29 32 2 1
1585648368 240 200 1 0 14 29 32 3 1
1585650664 240 200 1 0 14 30 32 3 1
1585728539 241 200 1 0 14 30 32 3 1
1585729274 242 200 1 0 14 30 32 3 1
1585743188 243 200 1 0 14 30 32 3 1
1585743579 244 200 1 0 14 30 32 3 1
1585746596 244 200 1 0 14 30 32 4 1
1585749298 244 200 1 0 14 30 32 5 1
1585750169 244 200 1 0 14 30 32 6 1
1585797148 245 200 1 0 14 30 32 6 1
1585797229 246 200 1 0 14 30 32 6 1
1585797986 247 200 1 0 14 30 32 6 1
1585809334 247 200 1 0 14 31 32 6 1
1585893650 248 200 1 0 14 31 32 6 1
1585893980 249 200 1 0 14 31 32 6 1
1585975008 250 200 1 0 14 31 32 6 1
1586166689 251 200 1 0 14 31 32 6 1
1586441608 252 200 1 0 14 31 32 6 1
1586446192 253 200 1 0 14 31 32 6 1
1586498233 254 200 1 0 14 31 32 6 1
1586500453 255 200 1 0 14 31 32 6 1
1586501925 256 200 1 0 14 31 32 6 1
1586507592 257 200 1 0 14 31 32 6 1
1586509027 258 200 1 0 14 31 32 6 1
1586586290 259 200 1 0 14 31 32 6 1
1586755047 260 200 1 0 14 31 32 6 1
1586761107 261 200 1 0 14 31 32 6 1
1586771497 262 200 1 0 14 31 32 6 1
1586778656 263 200 1 0 14 31 32 6 1
1586781579 264 200 1 0 14 31 32 6 1
1586833692 265 200 1 0 14 31 32 6 1
1586834618 266 200 1 0 14 31 32 6 1
1586837747 267 200 1 0 14 31 32 6 1
1586924830 268 200 1 0 14 31 32 6 1
1587018868 269 200 1 0 14 31 32 6 1
1587036093 270 200 1 0 14 31 32 6 1
1587101314 271 200 1 0 14 31 32 6 1
1587104142 272 200 1 0 14 31 32 6 1
1587118013 273 200 1 0 14 31 32 6 1
1587124637 273 201 1 0 14 31 32 6 1
1587125578 273 202 1 0 14 31 32 6 1
1587132266 274 202 1 0 14 31 32 6 1
1587133437 275 202 1 0 14 31 32 6 1
1587135558 276 202 1 0 14 31 32 6 1
1587145426 276 203 1 0 14 31 32 6 1
1587196495 276 204 1 0 14 31 32 6 1
1587201100 276 205 1 0 14 31 32 6 1
1587201116 276 206 1 0 14 31 32 6 1
1587203196 276 207 1 0 14 31 32 6 1
1587206854 276 208 1 0 14 31 32 6 1
1587207325 276 209 1 0 14 31 32 6 1
1587221142 276 210 1 0 14 31 32 6 1
1587222014 276 211 1 0 14 31 32 6 1
1587222479 276 212 1 0 14 31 32 6 1
1587226696 276 213 1 0 14 31 32 6 1
1587228912 276 214 1 0 14 31 32 6 1
1587229190 276 215 1 0 14 31 32 6 1
1587357578 277 215 1 0 14 31 32 6 1
1587358929 278 215 1 0 14 31 32 6 1
1587365181 279 215 1 0 14 31 32 6 1
1587647533 279 216 1 0 14 31 32 6 1
1587648185 279 216 1 0 14 32 32 6 1
1587649150 279 217 1 0 14 32 32 6 1
1587649249 279 218 1 0 14 32 32 6 1
1587653464 279 219 1 0 14 32 32 6 1
1587659650 279 220 1 0 14 32 32 6 1
1587660403 279 221 1 0 14 32 32 6 1
1587663696 279 222 1 0 14 32 32 6 1
1587701396 280 222 1 0 14 32 32 6 1
1587701421 281 222 1 0 14 32 32 6 1
1587725278 282 222 1 0 14 32 32 6 1
1587733252 282 222 1 0 14 33 32 6 1
1587733984 282 222 1 0 14 34 32 6 1
1587736266 283 222 1 0 14 34 32 6 1
1587736299 284 222 1 0 14 34 32 6 1
1587742611 285 222 1 0 14 34 32 6 1
1587743459 286 222 1 0 14 34 32 6 1
1587794765 287 222 1 0 14 34 32 6 1
1587802705 288 222 1 0 14 34 32 6 1
1587802869 289 222 1 0 14 34 32 6 1
1587805030 290 222 1 0 14 34 32 6 1
1587805783 291 222 1 0 14 34 32 6 1
1587876546 292 222 1 0 14 34 32 6 1
1587969727 293 222 1 0 14 34 32 6 1
1587984148 293 222 1 0 14 35 32 6 1
1587984319 294 222 1 0 14 35 32 6 1
1587984335 295 222 1 0 14 35 32 6 1
1587989625 296 222 1 0 14 35 32 6 1
1587997213 297 222 1 0 14 35 32 6 1
1587997292 298 222 1 0 14 35 32 6 1
1587997707 299 222 1 0 14 35 32 6 1
1587997807 300 222 1 0 14 35 32 6 1
1588054582 301 222 1 0 14 35 32 6 1
1588055613 302 222 1 0 14 35 32 6 1
1588057839 303 222 1 0 14 35 32 6 1
1588065296 304 222 1 0 14 35 32 6 1
1588068275 305 222 1 0 14 35 32 6 1
1588070785 306 222 1 0 14 35 32 6 1
1588071441 307 222 1 0 14 35 32 6 1
1588071556 308 222 1 0 14 35 32 6 1
1588082142 309 222 1 0 14 35 32 6 1
1588082300 310 222 1 0 14 35 32 6 1
1588082921 311 222 1 0 14 35 32 6 1
1588083181 312 222 1 0 14 35 32 6 1
1588083543 313 222 1 0 14 35 32 6 1
1588086379 314 222 1 0 14 35 32 6 1
1588135391 315 222 1 0 14 35 32 6 1
1588142596 316 222 1 0 14 35 32 6 1
1588143521 317 222 1 0 14 35 32 6 1
1588226919 318 222 1 0 14 35 32 6 1
1588228003 319 222 1 0 14 35 32 6 1
1588229555 320 222 1 0 14 35 32 6 1
1588394729 321 222 1 0 14 35 32 6 1
1588396729 322 222 1 0 14 35 32 6 1
1588399737 323 222 1 0 14 35 32 6 1
1588411283 324 222 1 0 14 35 32 6 1
1588412329 325 222 1 0 14 35 32 6 1
1588413006 326 222 1 0 14 35 32 6 1
1588518376 327 222 1 0 14 35 32 6 1
1588519760 328 222 1 0 14 35 32 6 1
1588564131 329 222 1 0 14 35 32 6 1
1588564395 330 222 1 0 14 35 32 6 1
1588584502 331 222 1 0 14 35 32 6 1
1588586841 332 222 1 0 14 35 32 6 1
1588587300 333 222 1 0 14 35 32 6 1
1588587352 334 222 1 0 14 35 32 6 1
1588587537 335 222 1 0 14 35 32 6 1
1588588766 336 222 1 0 14 35 32 6 1
1588589360 337 222 1 0 14 35 32 6 1
1588591123 338 222 1 0 14 35 32 6 1
1588645716 339 222 1 0 14 35 32 6 1
1588646018 340 222 1 0 14 35 32 6 1
1588646408 341 222 1 0 14 35 32 6 1
1588646723 342 222 1 0 14 35 32 6 1
1588652468 343 222 1 0 14 35 32 6 1
1588655018 344 222 1 0 14 35 32 6 1
1588662840 345 222 1 0 14 35 32 6 1
1588667241 346 222 1 0 14 35 32 6 1
1588739788 347 222 1 0 14 35 32 6 1
1588849065 348 222 1 0 14 35 32 6 1
1588849879 349 222 1 0 14 35 32 6 1
1588850336 350 222 1 0 14 35 32 6 1
1588860814 351 222 1 0 14 35 32 6 1
1588912814 352 222 1 0 14 35 32 6 1
1588914446 353 222 1 0 14 35 32 6 1
1588922379 354 222 1 0 14 35 32 6 1
1588923349 355 222 1 0 14 35 32 6 1
1588926553 356 222 1 0 14 35 32 6 1
1588928286 357 222 1 0 14 35 32 6 1
1588931343 358 222 1 0 14 35 32 6 1
1588933490 359 222 1 0 14 35 32 6 1
1588936044 360 222 1 0 14 35 32 6 1
1588949602 361 222 1 0 14 35 32 6 1
1588999756 362 222 1 0 14 35 32 6 1
1589000304 363 222 1 0 14 35 32 6 1
1589001416 364 222 1 0 14 35 32 6 1
1589002495 365 222 1 0 14 35 32 6 1
1589012247 366 222 1 0 14 35 32 6 1
1589014011 367 222 1 0 14 35 32 6 1
1589035465 368 222 1 0 14 35 32 6 1
1589037777 369 222 1 0 14 35 32 6 1
1589095056 370 222 1 0 14 35 32 6 1
1589117760 371 222 1 0 14 35 32 6 1
1589117972 372 222 1 0 14 35 32 6 1
1589169590 373 222 1 0 14 35 32 6 1
1589170520 374 222 1 0 14 35 32 6 1
1589170807 375 222 1 0 14 35 32 6 1
1589171206 376 222 1 0 14 35 32 6 1
1589173147 377 222 1 0 14 35 32 6 1
1589183286 378 222 1 0 14 35 32 6 1
1589192052 379 222 1 0 14 35 32 6 1
1589255607 380 222 1 0 14 35 32 6 1
1589255955 381 222 1 0 14 35 32 6 1
1589256050 382 222 1 0 14 35 32 6 1
1589258154 383 222 1 0 14 35 32 6 1
1589258432 384 222 1 0 14 35 32 6 1
1589258645 385 222 1 0 14 35 32 6 1
1589268566 386 222 1 0 14 35 32 6 1
1589268794 387 222 1 0 14 35 32 6 1
1589271943 388 222 1 0 14 35 32 6 1
1589272405 389 222 1 0 14 35 32 6 1
1589281909 390 222 1 0 14 35 32 6 1
1589282352 391 222 1 0 14 35 32 6 1
1589282752 392 222 1 0 14 35 32 6 1
1589284094 393 222 1 0 14 35 32 6 1
1589293492 394 222 1 0 14 35 32 6 1
1589294123 395 222 1 0 14 35 32 6 1
1589296967 396 222 1 0 14 35 32 6 1
1589298897 397 222 1 0 14 35 32 6 1
1589299357 398 222 1 0 14 35 32 6 1
1589340717 398 222 1 0 14 36 32 6 1
1589343055 399 222 1 0 14 36 32 6 1
1589343885 400 222 1 0 14 36 32 6 1
1589344469 401 222 1 0 14 36 32 6 1
1589344917 402 222 1 0 14 36 32 6 1
1589351574 403 222 1 0 14 36 32 6 1
1589354435 403 222 1 0 15 36 32 6 1
1589359233 404 222 1 0 15 36 32 6 1
1589363643 405 222 1 0 15 36 32 6 1
1589364493 406 222 1 0 15 36 32 6 1
1589364874 407 222 1 0 15 36 32 6 1
1589430726 408 222 1 0 15 36 32 6 1
1589460993 409 222 1 0 15 36 32 6 1
1589461195 410 222 1 0 15 36 32 6 1
1589461292 411 222 1 0 15 36 32 6 1
1589461546 412 222 1 0 15 36 32 6 1
1589462529 413 222 1 0 15 36 32 6 1
1589462654 414 222 1 0 15 36 32 6 1
1589464869 415 222 1 0 15 36 32 6 1
1589515710 416 222 1 0 15 36 32 6 1
1589523551 416 222 1 0 15 37 32 6 1
1589525206 416 222 1 0 16 37 32 6 1
1589525222 416 222 1 0 17 37 32 6 1
1589532685 417 222 1 0 17 37 32 6 1
1589535611 418 222 1 0 17 37 32 6 1
1589604169 419 222 1 0 17 37 32 6 1
1589604689 420 222 1 0 17 37 32 6 1
1589605311 421 222 1 0 17 37 32 6 1
1589605836 422 222 1 0 17 37 32 6 1
1589607902 423 222 1 0 17 37 32 6 1
1589608396 424 222 1 0 17 37 32 6 1
1589608805 425 222 1 0 17 37 32 6 1
1589609441 426 222 1 0 17 37 32 6 1
1589611291 427 222 1 0 17 37 32 6 1
1589618376 428 222 1 0 17 37 32 6 1
1589774343 429 222 1 0 17 37 32 6 1
1589799322 430 222 1 0 17 37 32 6 1
1589877645 431 222 1 0 17 37 32 6 1
1589879915 432 222 1 0 17 37 32 6 1
1589880104 433 222 1 0 17 37 32 6 1
1589880581 434 222 1 0 17 37 32 6 1
1589881275 435 222 1 0 17 37 32 6 1
1589882996 436 222 1 0 17 37 32 6 1
1589883651 437 222 1 0 17 37 32 6 1
1589884430 438 222 1 0 17 37 32 6 1
1589887595 439 222 1 0 17 37 32 6 1
1589891687 440 222 1 0 17 37 32 6 1
1589892110 441 222 1 0 17 37 32 6 1
1589894634 441 222 1 0 17 38 32 6 1
1589895972 442 222 1 0 17 38 32 6 1
1589896002 443 222 1 0 17 38 32 6 1
1589897788 444 222 1 0 17 38 32 6 1
1589897986 445 222 1 0 17 38 32 6 1
1589906867 445 222 1 0 17 39 32 6 1
1589953283 445 222 1 0 17 40 32 6 1
1589954467 445 222 1 0 17 41 32 6 1
1589967162 446 222 1 0 17 41 32 6 1
1589967463 447 222 1 0 17 41 32 6 1
1589968496 448 222 1 0 17 41 32 6 1
1589970549 449 222 1 0 17 41 32 6 1
1589973894 450 222 1 0 17 41 32 6 1
1589987367 451 222 1 0 17 41 32 6 1
1590053629 452 222 1 0 17 41 32 6 1
1590057377 453 222 1 0 17 41 32 6 1
1590210911 454 222 1 0 17 41 32 6 1
1590211491 455 222 1 0 17 41 32 6 1
1590214305 456 222 1 0 17 41 32 6 1
1590218019 457 222 1 0 17 41 32 6 1
1590224391 458 222 1 0 17 41 32 6 1
1590225239 459 222 1 0 17 41 32 6 1
1590229091 460 222 1 0 17 41 32 6 1
1590229303 461 222 1 0 17 41 32 6 1
1590245328 462 222 1 0 17 41 32 6 1
1590250782 463 222 1 0 17 41 32 6 1
1590315747 464 222 1 0 17 41 32 6 1
1590316061 465 222 1 0 17 41 32 6 1
1590316401 466 222 1 0 17 41 32 6 1
1590318296 467 222 1 0 17 41 32 6 1
1590324418 468 222 1 0 17 41 32 6 1
1590336891 469 222 1 0 17 41 32 6 1
1590421438 470 222 1 0 17 41 32 6 1
1590422774 471 222 1 0 17 41 32 6 1
1590463951 472 222 1 0 17 41 32 6 1
1590502897 473 222 1 0 17 41 32 6 1
1590503038 474 222 1 0 17 41 32 6 1
1590503104 475 222 1 0 17 41 32 6 1
1590507031 476 222 1 0 17 41 32 6 1
1590508877 477 222 1 0 17 41 32 6 1
1590509060 478 222 1 0 17 41 32 6 1
1590552803 478 222 1 0 18 41 32 6 1
1590574711 478 222 1 0 19 41 32 6 1
1590590197 478 222 1 0 19 42 32 6 1
1590675602 479 222 1 0 19 42 32 6 1
1590675616 480 222 1 0 19 42 32 6 1
1590675820 481 222 1 0 19 42 32 6 1
1590675977 482 222 1 0 19 42 32 6 1
1590741680 482 222 1 0 20 42 32 6 1
1590749875 482 222 1 0 21 42 32 6 1
1590760321 483 222 1 0 21 42 32 6 1
1590771605 484 222 1 0 21 42 32 6 1
1590771654 485 222 1 0 21 42 32 6 1
1590852061 485 222 1 0 22 42 32 6 1
1590852312 485 222 1 0 23 42 32 6 1
1590854134 486 222 1 0 23 42 32 6 1
1590857967 487 222 1 0 23 42 32 6 1
1590932903 487 222 1 0 24 42 32 6 1
1590934813 487 222 1 0 25 42 32 6 1
1590976605 488 222 1 0 25 42 32 6 1
1590977158 489 222 1 0 25 42 32 6 1
1590977798 489 222 1 0 26 42 32 6 1
1590978077 489 222 2 0 26 42 32 6 1
1590979550 490 222 2 0 26 42 32 6 1
1590979616 491 222 2 0 26 42 32 6 1
1590979766 491 222 2 0 27 42 32 6 1
1590979810 491 222 2 0 28 42 32 6 1
1590987732 492 222 2 0 28 42 32 6 1
1590987772 493 222 2 0 28 42 32 6 1
1590992229 494 222 2 0 28 42 32 6 1
1590993389 495 222 2 0 28 42 32 6 1
1590996213 496 222 2 0 28 42 32 6 1
1591003254 496 222 3 0 28 42 32 6 1
1591003281 496 222 4 0 28 42 32 6 1
1591005743 497 222 4 0 28 42 32 6 1
1591089702 498 222 4 0 28 42 32 6 1
1591096697 499 222 4 0 28 42 32 6 1
1591099540 500 222 4 0 28 42 32 6 1
1591121768 501 222 4 0 28 42 32 6 1
1591151639 501 222 5 0 28 42 32 6 1
1591155558 501 222 5 0 29 42 32 6 1
1591167216 502 222 5 0 29 42 32 6 1
1591172802 503 222 5 0 29 42 32 6 1
1591172959 503 222 6 0 29 42 32 6 1
1591175970 504 222 6 0 29 42 32 6 1
1591188889 505 222 6 0 29 42 32 6 1
1591193625 506 222 6 0 29 42 32 6 1
1591203164 507 222 6 0 29 42 32 6 1
1591238261 507 222 7 0 29 42 32 6 1
1591252391 508 222 7 0 29 42 32 6 1
1591261148 508 222 8 0 29 42 32 6 1
1591261255 508 222 9 0 29 42 32 6 1
1591275231 509 222 9 0 29 42 32 6 1
1591279716 509 222 10 0 29 42 32 6 1
1591329636 510 222 10 0 29 42 32 6 1
1591330892 511 222 10 0 29 42 32 6 1
1591331324 512 222 10 0 29 42 32 6 1
1591331573 513 222 10 0 29 42 32 6 1
1591341468 514 222 10 0 29 42 32 6 1
1591343049 514 222 11 0 29 42 32 6 1
1591343067 514 222 12 0 29 42 32 6 1
1591358147 515 222 12 0 29 42 32 6 1
1591359305 516 222 12 0 29 42 32 6 1
1591365348 517 222 12 0 29 42 32 6 1
1591365756 518 222 12 0 29 42 32 6 1
1591423831 519 222 12 0 29 42 32 6 1
1591424768 520 222 12 0 29 42 32 6 1
1591534496 521 222 12 0 29 42 32 6 1
1591662215 522 222 12 0 29 42 32 6 1
1591662796 522 222 13 0 29 42 32 6 1
1591701042 523 222 13 0 29 42 32 6 1
1591707741 524 222 13 0 29 42 32 6 1
1591716092 525 222 13 0 29 42 32 6 1
1591716833 526 222 13 0 29 42 32 6 1
1591723455 526 222 13 0 29 43 32 6 1
1591762050 527 222 13 0 29 43 32 6 1
1591764158 528 222 13 0 29 43 32 6 1
1591773592 529 222 13 0 29 43 32 6 1
1591776325 530 222 13 0 29 43 32 6 1
1591776966 530 222 14 0 29 43 32 6 1
1591796596 531 222 14 0 29 43 32 6 1
1591798398 531 222 15 0 29 43 32 6 1
1591805611 531 222 16 0 29 43 32 6 1
1591806725 532 222 16 0 29 43 32 6 1
1591843868 532 222 17 0 29 43 32 6 1
1591845292 533 222 17 0 29 43 32 6 1
1591849322 534 222 17 0 29 43 32 6 1
1591850762 535 222 17 0 29 43 32 6 1
1591851869 536 222 17 0 29 43 32 6 1
1591860029 537 222 17 0 29 43 32 6 1
1591861462 538 222 17 0 29 43 32 6 1
1591872865 538 222 17 0 29 44 32 6 1
1591882485 539 222 17 0 29 44 32 6 1
1591889399 540 222 17 0 29 44 32 6 1
1591935021 541 222 17 0 29 44 32 6 1
1591945336 541 222 17 0 30 44 32 6 1
1591945420 542 222 17 0 30 44 32 6 1
1591945521 542 222 18 0 30 44 32 6 1
1591945596 542 222 18 0 31 44 32 6 1
1591945618 542 222 18 0 32 44 32 6 1
1591945744 543 222 18 0 32 44 32 6 1
1591945997 543 222 19 0 33 44 32 6 1
1591948391 544 222 19 0 33 44 32 6 1
1591949258 545 222 19 0 33 44 32 6 1
1591950844 546 222 19 0 33 44 32 6 1
1591955817 547 222 19 0 33 44 32 6 1
1591958109 548 222 19 0 33 44 32 6 1
1591958293 548 222 20 0 33 44 32 6 1
1592026651 548 222 20 0 33 45 32 6 1
1592041974 549 222 20 0 33 45 32 6 1
1592042332 550 222 20 0 33 45 32 6 1
1592042437 551 222 20 0 33 45 32 6 1
1592044008 552 222 20 0 33 45 32 6 1
1592118536 553 222 20 0 33 45 32 6 1
1592124484 554 222 20 0 33 45 32 6 1
1592127307 555 222 20 0 33 45 32 6 1
1592143135 556 222 20 0 33 45 32 6 1
1592148628 557 222 20 0 33 45 32 6 1
1592150952 558 222 20 0 33 45 32 6 1
1592192360 558 222 20 0 34 45 32 6 1
1592193186 559 222 20 0 34 45 32 6 1
1592193233 560 222 20 0 34 45 32 6 1
1592196859 561 222 20 0 34 45 32 6 1
1592197227 561 222 21 0 34 45 32 6 1
1592215911 561 222 22 0 34 45 32 6 1
1592219179 562 222 22 0 34 45 32 6 1
1592235592 562 222 22 0 35 45 32 6 1
1592236505 563 222 22 0 35 45 32 6 1
1592237739 564 222 22 0 35 45 32 6 1
1592238533 565 222 22 0 35 45 32 6 1
1592238643 565 222 22 0 35 46 32 6 1
1592240030 565 222 23 0 35 46 32 6 1
1592241307 566 222 23 0 35 46 32 6 1
1592241533 567 222 23 0 35 46 32 6 1
1592242172 567 222 23 0 35 47 32 6 1
1592273548 567 222 23 0 36 47 32 6 1
1592273757 567 222 23 0 37 47 32 6 1
1592276129 567 222 24 0 37 47 32 6 1
1592278283 567 222 24 0 38 47 32 6 1
1592279519 567 222 24 0 38 48 32 6 1
1592279887 567 222 24 0 38 49 32 6 1
1592281650 567 222 24 0 39 49 32 6 1
1592281676 567 222 24 0 40 49 32 6 1
1592292854 567 222 25 0 40 49 32 6 1
1592294004 568 222 25 0 40 49 32 6 1
1592295266 568 222 25 0 41 49 32 6 1
1592304815 568 222 25 0 42 49 32 6 1
1592304828 568 222 25 0 43 49 32 6 1
1592306100 569 222 25 0 43 49 32 6 1
1592306954 570 222 25 0 43 49 32 6 1
1592313259 570 222 25 0 44 49 32 6 1
1592315962 570 222 25 0 45 49 32 6 1
1592316101 570 222 25 0 46 49 32 6 1
1592318779 570 222 25 0 47 49 32 6 1
1592318877 570 222 26 0 47 49 32 6 1
1592321666 571 222 26 0 47 49 32 6 1
1592323554 572 222 26 0 47 49 32 6 1
1592324244 573 222 26 0 47 49 32 6 1
1592325129 574 222 26 0 47 49 32 6 1
1592325426 574 222 26 0 47 50 32 6 1
1592325925 575 222 26 0 47 50 32 6 1
1592325952 576 222 26 0 47 50 32 6 1
1592362377 576 222 26 0 48 50 32 6 1
1592363070 576 222 27 0 48 50 32 6 1
1592363125 576 222 27 0 49 50 32 6 1
1592363926 576 222 28 0 49 50 32 6 1
1592363976 576 222 29 0 49 50 32 6 1
1592363983 576 222 30 0 49 50 32 6 1
1592366765 577 222 30 0 49 50 32 6 1
1592367020 578 222 30 0 49 50 32 6 1
1592368031 579 222 30 0 49 50 32 6 1
1592377205 579 222 30 0 50 50 32 6 1
1592377872 579 222 30 0 51 50 32 6 1
1592378000 580 222 30 0 51 50 32 6 1
1592378015 581 222 30 0 51 50 32 6 1
1592379279 581 222 30 0 52 50 32 6 1
1592379293 581 222 30 0 53 50 32 6 1
1592380050 582 222 30 0 53 50 32 6 1
1592380062 583 222 30 0 53 50 32 6 1
1592400051 583 222 30 0 54 50 32 6 1
1592409763 584 222 30 0 54 50 32 6 1
1592410088 585 222 30 0 54 50 32 6 1
1592410390 586 222 30 0 54 50 32 6 1
1592410751 587 222 30 0 54 50 32 6 1
1592413390 588 222 30 0 54 50 32 6 1
1592448702 589 222 30 0 54 50 32 6 1
1592461823 590 222 30 0 54 50 32 6 1
1592465017 590 222 30 0 55 50 32 6 1
1592465035 590 222 30 0 56 50 32 6 1
1592474762 590 222 31 0 56 50 32 6 1
1592478443 591 222 31 0 56 50 32 6 1
1592478624 592 222 31 0 56 50 32 6 1
1592480065 593 222 31 0 56 50 32 6 1
1592480083 594 222 31 0 56 50 32 6 1
1592486003 595 222 31 0 56 50 32 6 1
1592487211 596 222 31 0 56 50 32 6 1
1592489744 597 222 31 0 56 50 32 6 1
1592494983 598 222 31 0 56 50 32 6 1
1592495452 599 222 31 0 56 50 32 6 1
1592536126 599 222 32 0 56 50 32 6 1
1592541641 599 222 32 0 57 50 32 6 1
1592541816 599 222 32 0 58 50 32 6 1
1592550299 599 222 33 0 58 50 32 6 1
1592551237 599 222 33 0 59 50 32 6 1
1592554515 600 222 33 0 59 50 32 6 1
1592558308 600 222 33 0 59 51 32 6 1
1592559421 601 222 33 0 59 51 32 6 1
1592559750 602 222 33 0 59 51 32 6 1
1592561028 603 222 33 0 59 51 32 6 1
1592561272 603 222 33 0 60 51 32 6 1
1592561402 603 222 34 0 60 51 32 6 1
1592564636 604 222 34 0 60 51 32 6 1
1592564664 605 222 34 0 60 51 32 6 1
1592565957 606 222 34 0 60 51 32 6 1
1592566182 606 222 34 0 61 51 32 6 1
1592566190 606 222 34 0 62 51 32 6 1
1592566804 607 222 34 0 62 51 32 6 1
1592570378 607 222 34 0 63 51 32 6 1
1592570916 607 222 34 0 64 51 32 6 1
1592571455 607 222 34 0 65 51 32 6 1
1592737715 607 222 34 0 65 51 32 7 1
1592758031 607 223 34 0 65 51 32 7 1
1592758205 607 224 34 0 65 51 32 7 1
1592759907 607 225 34 0 65 51 32 7 1
1592762806 607 226 34 0 65 51 32 7 1
1592796682 607 226 34 0 66 51 32 7 1
1592798527 608 226 34 0 66 51 32 7 1
1592800120 609 226 34 0 66 51 32 7 1
1592800532 610 226 34 0 66 51 32 7 1
1592818491 610 226 34 0 67 51 32 7 1
1592819527 610 226 34 0 68 51 32 7 1
1592823807 611 226 34 0 68 51 32 7 1
1592823829 612 226 34 0 68 51 32 7 1
1592840547 613 226 34 0 68 51 32 7 1
1592841514 614 226 34 0 68 51 32 7 1
1592842174 615 226 34 0 68 51 32 7 1
1592842206 615 226 35 0 68 51 32 7 1
1592843024 616 226 35 0 68 51 32 7 1
1592883905 616 226 35 0 69 51 32 7 1
1592886324 617 226 35 0 69 51 32 7 1
1592886395 618 226 35 0 69 51 32 7 1
1592887394 619 226 35 0 69 51 32 7 1
1592896504 619 226 35 0 70 51 32 7 1
1592896517 619 226 35 0 71 51 32 7 1
1592901323 619 226 35 0 72 51 32 7 1
1592902300 619 226 35 0 73 51 32 7 1
1592904138 619 226 35 0 74 51 32 7 1
1592907549 620 226 35 0 74 51 32 7 1
1592911113 620 226 35 0 75 51 32 7 1
1592919486 621 226 35 0 75 51 32 7 1
1592919496 622 226 35 0 75 51 32 7 1
1592925031 623 226 35 0 75 51 32 7 1
1592925883 624 226 35 0 75 51 32 7 1
1592926353 625 226 35 0 75 51 32 7 1
1592928539 626 226 35 0 75 51 32 7 1
1592928673 627 226 35 0 75 51 32 7 1
1592969823 628 226 35 0 75 51 32 7 1
1592972442 628 226 36 0 75 51 32 7 1
1592983655 629 226 36 0 75 51 32 7 1
1592987244 630 226 36 0 75 51 32 7 1
1592995052 631 226 36 0 75 51 32 7 1
1593001350 631 226 36 0 75 52 32 7 1
1593006190 632 226 36 0 75 52 32 7 1
1593006316 633 226 36 0 75 52 32 7 1
1593017801 633 226 36 0 75 53 32 7 1
1593018964 633 226 36 0 75 54 32 7 1
1593049476 633 226 36 0 76 54 32 7 1
1593052992 633 226 36 0 77 54 32 7 1
1593053514 633 226 36 0 78 54 32 7 1
1593057368 633 226 36 0 79 54 32 7 1
1593057586 633 226 36 0 80 54 32 7 1
1593072458 633 226 36 0 81 54 32 7 1
1593072570 633 226 36 0 82 54 32 7 1
1593072965 633 226 36 0 83 54 32 7 1
1593073238 633 226 36 0 84 54 32 7 1
1593077781 633 226 36 0 85 54 32 7 1
1593079545 633 226 36 0 86 54 32 7 1
1593096425 633 226 36 0 87 54 32 7 1
1593101501 634 226 36 0 87 54 32 7 1
1593101513 634 226 37 0 87 54 32 7 1
1593101553 634 226 38 0 87 54 32 7 1
1593138649 634 226 38 0 88 54 32 7 1
1593142071 634 226 38 0 89 54 32 7 1
1593142817 634 226 38 0 90 54 32 7 1
1593144863 635 226 38 0 90 54 32 7 1
1593157995 635 226 38 0 91 54 32 7 1
1593158006 635 226 38 0 92 54 32 7 1
1593162741 635 226 38 0 93 54 32 7 1
1593164978 635 226 38 0 94 54 32 7 1
1593179459 635 226 38 0 95 54 32 7 1
1593179666 635 226 38 0 96 54 32 7 1
1593188027 636 226 38 0 96 54 32 7 1
1593188455 636 226 38 0 96 55 32 7 1
1593188709 636 226 39 0 96 55 32 7 1
1593191855 636 226 39 0 96 56 32 7 1
1593398314 636 226 39 0 97 56 32 7 1
1593398933 636 226 39 0 98 56 32 7 1
1593406521 637 226 39 0 98 56 32 7 1
1593408671 637 227 39 0 98 56 32 7 1
1593408768 637 228 39 0 98 56 32 7 1
1593409470 637 229 39 0 98 56 32 7 1
1593410175 637 230 39 0 98 56 32 7 1
1593410344 637 231 39 0 98 56 32 7 1
1593410638 637 232 39 0 98 56 32 7 1
1593413920 637 233 39 0 98 56 32 7 1
1593414451 637 234 39 0 98 56 32 7 1
1593416333 637 234 40 0 98 56 32 7 1
1593416943 637 235 40 0 98 56 32 7 1
1593416961 637 236 40 0 98 56 32 7 1
1593417638 637 237 40 0 98 56 32 7 1
1593418215 637 238 40 0 98 56 32 7 1
1593419060 637 239 40 0 98 56 32 7 1
1593419707 637 240 40 0 98 56 32 7 1
1593423744 637 240 40 0 99 56 32 7 1
1593423756 637 240 40 0 100 56 32 7 1
1593426391 638 240 40 0 100 56 32 7 1
1593428816 639 240 40 0 100 56 32 7 1
1593428904 639 240 41 0 100 56 32 7 1
1593431712 639 240 41 0 101 56 32 7 1
1593435991 639 240 41 0 102 56 32 7 1
1593438177 639 240 41 0 103 56 32 7 1
1593442896 639 240 41 0 104 56 32 7 1
1593446568 640 240 41 0 104 56 32 7 1
1593446585 640 240 41 0 105 56 32 7 1
1593446598 640 240 41 0 106 56 32 7 1
1593447331 641 240 41 0 106 56 32 7 1
1593450161 642 240 41 0 106 56 32 7 1
1593450258 643 240 41 0 106 56 32 7 1
1593451644 644 240 41 0 106 56 32 7 1
1593480958 644 240 41 0 107 56 32 7 1
1593493569 644 241 41 0 107 56 32 7 1
1593502515 645 241 41 0 107 56 32 7 1
1593505379 646 241 41 0 107 56 32 7 1
1593510743 646 242 41 0 107 56 32 7 1
1593510889 646 243 41 0 107 56 32 7 1
1593511046 646 244 41 0 107 56 32 7 1
1593511224 646 245 41 0 107 56 32 7 1
1593511398 646 246 41 0 107 56 32 7 1
1593511480 646 247 41 0 107 56 32 7 1
1593512424 646 248 41 0 107 56 32 7 1
1593512508 646 249 41 0 107 56 32 7 1
1593512529 646 250 41 0 107 56 32 7 1
1593512671 646 251 41 0 107 56 32 7 1
1593534244 647 251 41 0 107 56 32 7 1
1593570674 647 251 41 0 108 56 32 7 1
1593597217 648 251 41 0 108 56 32 7 1
1593599333 649 251 41 0 108 56 32 7 1
1593609176 649 251 41 0 108 57 32 7 1
1593609429 650 251 41 0 108 57 32 7 1
1593610015 651 251 41 0 108 57 32 7 1
1593655278 651 251 42 0 108 57 32 7 1
1593655311 651 251 43 0 108 57 32 7 1
1593658771 651 251 43 0 109 57 32 7 1
1593658787 651 251 43 0 110 57 32 7 1
1593660052 651 251 43 0 111 57 32 7 1
1593662371 652 251 43 0 111 57 32 7 1
1593663211 653 251 43 0 111 57 32 7 1
1593665464 654 251 43 0 111 57 32 7 1
1593674210 654 251 43 0 112 57 32 7 1
1593674221 654 251 43 0 113 57 32 7 1
1593677934 655 251 43 0 113 57 32 7 1
1593677949 656 251 43 0 113 57 32 7 1
1593682194 657 251 43 0 113 57 32 7 1
1593685645 658 251 43 0 113 57 32 7 1
1593685982 659 251 43 0 113 57 32 7 1
1593686528 660 251 43 0 113 57 32 7 1
1593695038 660 251 43 0 113 58 32 7 1
1593696988 661 251 43 0 113 58 32 7 1
1593745162 661 251 43 0 114 58 32 7 1
1593745490 661 251 43 0 115 58 32 7 1
1593751272 662 251 43 0 115 58 32 7 1
1593751357 662 251 44 0 115 58 32 7 1
1593762366 663 251 44 0 115 58 32 7 1
1593771392 664 251 44 0 115 58 32 7 1
1593878755 665 251 44 0 115 58 32 7 1
1593879787 665 251 44 0 116 58 32 7 1
1593879801 665 251 44 0 117 58 32 7 1
1593880206 666 251 44 0 117 58 32 7 1
1593880300 667 251 44 0 117 58 32 7 1
1593880940 668 251 44 0 117 58 32 7 1
1593921989 668 251 44 0 118 58 32 7 1
1593931618 668 251 44 0 118 59 32 7 1
1593932732 668 251 44 0 118 60 32 7 1
1593934007 668 251 44 0 118 61 32 7 1
1593957223 668 251 44 0 119 61 32 7 1
1593957232 668 251 44 0 120 61 32 7 1
1593959382 669 251 44 0 120 61 32 7 1
1593961538 670 251 44 0 120 61 32 7 1
1593963037 670 251 44 0 121 61 32 7 1
1593963058 670 251 44 0 122 61 32 7 1
1593964440 670 251 44 0 123 61 32 7 1
1593965577 670 251 44 0 124 61 32 7 1
1594366216 670 251 44 0 125 61 32 7 1
1594366332 670 251 45 0 125 61 32 7 1
1594482721 671 251 45 0 125 61 32 7 1
1594564379 672 251 45 0 125 61 32 7 1
1594564592 673 251 45 0 125 61 32 7 1
1594622272 673 252 45 0 125 61 32 7 1
1594654407 673 252 45 0 126 61 32 7 1
1594654456 673 252 45 0 127 61 32 7 1
1594715235 674 252 45 0 127 61 32 7 1
1594725499 675 252 45 0 127 61 32 7 1
1594738337 676 252 45 0 127 61 32 7 1
1594740635 677 252 45 0 127 61 32 7 1
1594743285 678 252 45 0 127 61 32 7 1
1594746010 679 252 45 0 127 61 32 7 1
1594787854 680 252 45 0 127 61 32 7 1
1594807257 681 252 45 0 127 61 32 7 1
1594811663 682 252 45 0 127 61 32 7 1
1594823981 683 252 45 0 127 61 32 7 1
1594873381 684 252 45 0 127 61 32 7 1
1594873625 685 252 45 0 127 61 32 7 1
1594880963 686 252 45 0 127 61 32 7 1
1594882316 687 252 45 0 127 61 32 7 1
1594894875 688 252 45 0 127 61 32 7 1
1594895389 688 252 45 0 128 61 32 7 1
1594896482 688 252 45 0 129 61 32 7 1
1594897359 689 252 45 0 129 61 32 7 1
1594914458 690 252 45 0 129 61 32 7 1
1594915199 691 252 45 0 129 61 32 7 1
1594928586 692 252 45 0 129 61 32 7 1
1594928688 693 252 45 0 129 61 32 7 1
1594955777 693 252 45 0 130 61 32 7 1
1595002275 694 252 45 0 130 61 32 7 1
1595005518 695 252 45 0 130 61 32 7 1
1595042946 695 252 45 0 131 61 32 7 1
1595042976 695 252 45 0 132 61 32 7 1
1595053133 695 252 45 0 133 61 32 7 1
1595061470 696 252 45 0 133 61 32 7 1
1595093699 697 252 45 0 133 61 32 7 1
1595170052 698 252 45 0 133 61 32 7 1
1595173647 699 252 45 0 133 61 32 7 1
1595174285 700 252 45 0 133 61 32 7 1
1595311948 701 252 45 0 133 61 32 7 1
1595313210 702 252 45 0 133 61 32 7 1
1595317808 702 253 45 0 133 61 32 7 1
1595334944 702 254 45 0 133 61 32 7 1
1595344918 703 254 45 0 133 61 32 7 1
1595345592 704 254 45 0 133 61 32 7 1
1595350575 705 254 45 0 133 61 32 7 1
1595350774 706 254 45 0 133 61 32 7 1
1595350860 706 254 46 0 133 61 32 7 1
1595385253 706 254 47 0 133 61 32 7 1
1595402284 706 255 47 0 133 61 32 7 1
1595402993 706 256 47 0 133 61 32 7 1
1595403033 706 257 47 0 133 61 32 7 1
1595405872 707 257 47 0 133 61 32 7 1
1595411976 708 257 47 0 133 61 32 7 1
1595412072 708 257 48 0 133 61 32 7 1
1595414068 708 257 49 0 133 61 32 7 1
1595414513 709 257 49 0 133 61 32 7 1
1595415684 710 257 49 0 133 61 32 7 1
1595415690 711 257 49 0 133 61 32 7 1
1595419488 711 257 50 0 133 61 32 7 1
1595431495 712 257 50 0 133 61 32 7 1
1595432243 713 257 50 0 133 61 32 7 1
1595435114 713 257 51 0 133 61 32 7 1
1595476140 713 258 51 0 133 61 32 7 1
1595476359 714 258 51 0 133 61 32 7 1
1595480015 715 258 51 0 133 61 32 7 1
1595497881 716 258 51 0 133 61 32 7 1
1595498269 716 259 51 0 133 61 32 7 1
1595501151 717 259 51 0 133 61 32 7 1
1595501792 717 259 52 0 133 61 32 7 1
1595502555 717 260 52 0 133 61 32 7 1
1595503090 717 261 52 0 133 61 32 7 1
1595503485 718 261 52 0 133 61 32 7 1
1595508254 719 261 52 0 133 61 32 7 1
1595515306 719 261 52 0 133 62 32 7 1
1595518279 719 261 52 0 134 62 32 7 1
1595519560 719 261 53 0 134 62 32 7 1
1595519625 719 261 54 0 134 62 32 7 1
1595520722 720 261 54 0 134 62 32 7 1
1595521395 721 261 54 0 134 62 32 7 1
1595521613 722 261 54 0 134 62 32 7 1
1595536374 723 261 54 0 134 62 32 7 1
1595553016 723 262 54 0 134 62 32 7 1
1595553271 723 263 54 0 134 62 32 7 1
1595553691 723 264 54 0 134 62 32 7 1
1595553804 723 265 54 0 134 62 32 7 1
1595553891 723 266 54 0 134 62 32 7 1
1595575301 723 266 54 0 135 62 32 7 1
1595575327 724 266 54 0 135 62 32 7 1
1595576888 724 267 54 0 135 62 32 7 1
1595577607 725 267 54 0 135 62 32 7 1
1595578862 726 267 54 0 135 62 32 7 1
1595579059 726 267 54 0 136 62 32 7 1
1595579702 727 267 54 0 136 62 32 7 1
1595580078 727 268 54 0 136 62 32 7 1
1595581289 727 268 54 0 137 62 32 7 1
1595581305 727 268 54 0 138 62 32 7 1
1595583550 728 268 54 0 138 62 32 7 1
1595583637 729 268 54 0 138 62 32 7 1
1595584222 729 269 54 0 138 62 32 7 1
1595584283 729 270 54 0 138 62 32 7 1
1595584295 729 271 54 0 138 62 32 7 1
1595586613 729 272 54 0 138 62 32 7 1
1595591574 729 273 54 0 138 62 32 7 1
1595592848 729 274 54 0 138 62 32 7 1
1595601034 730 274 54 0 138 62 32 7 1
1595601163 730 274 55 0 138 62 32 7 1
1595603243 731 274 55 0 138 62 32 7 1
1595603254 732 274 55 0 138 62 32 7 1
1595603469 732 274 56 0 138 62 32 7 1
1595609920 732 275 56 0 138 62 32 7 1
1595609965 733 275 56 0 138 62 32 7 1
1595609988 733 276 56 0 138 62 32 7 1
1595610782 733 277 56 0 138 62 32 7 1
1595610848 733 277 56 0 139 62 32 7 1
1595610864 733 277 56 0 140 62 32 7 1
1595610979 733 277 57 0 140 62 32 7 1
1595611313 733 278 57 0 140 62 32 7 1
1595611519 733 279 57 0 140 62 32 7 1
1595612322 733 280 57 0 140 62 32 7 1
1595612382 733 281 57 0 140 62 32 7 1
1595612788 733 282 57 0 140 62 32 7 1
1595612826 733 283 57 0 140 62 32 7 1
1595645019 733 284 57 0 140 62 32 7 1
1595645092 733 285 57 0 140 62 32 7 1
1595645680 733 286 57 0 140 62 32 7 1
1595645797 733 287 57 0 140 62 32 7 1
1595646600 733 288 57 0 140 62 32 7 1
1595646713 733 289 57 0 140 62 32 7 1
1595648909 734 289 57 0 140 62 32 7 1
1595648920 735 289 57 0 140 62 32 7 1
1595649082 735 289 58 0 140 62 32 7 1
1595664861 735 289 58 0 140 63 32 7 1
1595680313 735 290 58 0 140 63 32 7 1
1595680337 735 291 58 0 140 63 32 7 1
1595680859 735 292 58 0 140 63 32 7 1
1595680947 735 293 58 0 140 63 32 7 1
1595684113 736 293 58 0 140 63 32 7 1
1595686644 737 293 58 0 140 63 32 7 1
1595687824 738 293 58 0 140 63 32 7 1
1595689089 739 293 58 0 140 63 32 7 1
1595689956 740 293 58 0 140 63 32 7 1
1595693244 740 293 59 0 140 63 32 7 1
1595693276 740 293 60 0 140 63 32 7 1
1595747484 740 294 60 0 140 63 32 7 1
1595747520 740 295 60 0 140 63 32 7 1
1595751355 740 296 60 0 140 63 32 7 1
1595751534 740 297 60 0 140 63 32 7 1
1595752377 740 298 60 0 140 63 32 7 1
1595752455 740 298 60 1 140 63 32 7 1
1595752848 740 299 60 1 140 63 32 7 1
1595753227 740 300 60 1 140 63 32 7 1
1595753307 740 300 60 2 140 63 32 7 1
1595756803 740 301 60 2 140 63 32 7 1
1595756970 740 301 60 3 140 63 32 7 1
1595766748 741 301 60 3 140 63 32 7 1
1595768460 742 301 60 3 140 63 32 7 1
1595769292 743 301 60 3 140 63 32 7 1
1595769919 744 301 60 3 140 63 32 7 1
1595780301 745 301 60 3 140 63 32 7 1
1595781378 746 301 60 3 140 63 32 7 1
1595781425 746 301 61 3 140 63 32 7 1
1595782006 747 301 61 3 140 63 32 7 1
1595783030 748 301 61 3 140 63 32 7 1
1595783104 748 301 62 3 140 63 32 7 1
1595817908 748 302 62 3 140 63 32 7 1
1595817955 748 303 62 3 140 63 32 7 1
1595818025 748 304 62 3 140 63 32 7 1
1595818063 748 305 62 3 140 63 32 7 1
1595818077 748 306 62 3 140 63 32 7 1
1595818086 748 307 62 3 140 63 32 7 1
1595818239 748 307 62 4 140 63 32 7 1
1595824922 749 307 62 4 140 63 32 7 1
1595825874 750 307 62 4 140 63 32 7 1
1595834430 750 308 62 4 140 63 32 7 1
1595834478 750 309 62 4 140 63 32 7 1
1595834560 750 310 62 4 140 63 32 7 1
1595834582 750 311 62 4 140 63 32 7 1
1595834625 750 312 62 4 140 63 32 7 1
1595835483 751 312 62 4 140 63 32 7 1
1595835499 752 312 62 4 140 63 32 7 1
1595837177 753 312 62 4 140 63 32 7 1
1595838451 753 313 62 4 140 63 32 7 1
1595838848 753 313 62 5 140 63 32 7 1
1595842548 753 314 62 5 140 63 32 7 1
1595842685 753 314 62 6 140 63 32 7 1
1595847120 754 314 62 6 140 63 32 7 1
1595847166 754 314 62 6 141 63 32 7 1
1595847244 755 314 62 6 141 63 32 7 1
1595847936 755 314 62 6 142 63 32 7 1
1595848684 755 314 62 6 143 63 32 7 1
1595856270 755 315 62 6 143 63 32 7 1
1595857311 755 316 62 6 143 63 32 7 1
1595857452 755 316 62 7 143 63 32 7 1
1595862577 755 316 62 7 144 63 32 7 1
1595866303 755 317 62 7 144 63 32 7 1
1595866334 756 317 62 7 144 63 32 7 1
1595866352 757 317 62 7 144 63 32 7 1
1595866583 757 317 62 8 144 63 32 7 1
1595868135 758 317 62 8 144 63 32 7 1
1595869589 759 317 62 8 144 63 32 7 1
1595869687 759 317 63 8 144 63 32 7 1
1595869939 759 317 64 8 144 63 32 7 1
1595870597 760 317 64 8 144 63 32 7 1
1595870666 760 317 65 8 144 63 32 7 1
1595872379 760 318 65 8 144 63 32 7 1
1595872756 760 318 65 9 144 63 32 7 1
1595903946 760 319 65 9 144 63 32 7 1
1595904008 760 319 65 10 144 63 32 7 1
1595908290 760 319 65 10 145 63 32 7 1
1595908419 760 319 66 10 145 63 32 7 1
1595909634 760 320 66 10 145 63 32 7 1
1595909653 760 321 66 10 145 63 32 7 1
1595909954 760 321 66 11 145 63 32 7 1
1595918331 760 321 66 11 146 63 32 7 1
1595918348 760 321 66 11 147 63 32 7 1
1595918563 760 322 66 11 147 63 32 7 1
1595918926 760 323 66 11 147 63 32 7 1
1595918990 760 323 66 12 147 63 32 7 1
1595919667 760 323 66 12 148 63 32 7 1
1595919680 760 323 66 12 149 63 32 7 1
1595925007 760 323 67 12 149 63 32 7 1
1595930078 760 323 67 12 150 63 32 7 1
1595932045 760 324 67 12 150 63 32 7 1
1595932080 760 325 67 12 150 63 32 7 1
1595932184 760 326 67 12 150 63 32 7 1
1595933206 760 327 67 12 150 63 32 7 1
1595933250 760 328 67 12 150 63 32 7 1
1595933569 760 329 67 12 150 63 32 7 1
1595933595 760 330 67 12 150 63 32 7 1
1595941346 760 330 67 12 151 63 32 7 1
1595941359 760 330 67 12 152 63 32 7 1
1595943089 761 330 67 12 152 63 32 7 1
1595943554 761 331 67 12 152 63 32 7 1
1595943570 761 332 67 12 152 63 32 7 1
1595943873 762 332 67 12 152 63 32 7 1
1595943943 763 332 67 12 152 63 32 7 1
1595944088 763 333 67 12 152 63 32 7 1
1595944099 763 334 67 12 152 63 32 7 1
1595946182 763 334 67 12 153 63 32 7 1
1595946210 763 334 67 12 154 63 32 7 1
1595950153 763 334 68 12 154 63 32 7 1
1595950478 763 335 68 12 154 63 32 7 1
1595950511 763 336 68 12 154 63 32 7 1
1595950548 763 337 68 12 154 63 32 7 1
1595950598 763 338 68 12 154 63 32 7 1
1595950627 763 339 68 12 154 63 32 7 1
1595955663 763 340 68 12 154 63 32 7 1
1595957114 763 341 68 12 154 63 32 7 1
1595957259 763 341 68 13 154 63 32 7 1
1595959487 763 341 68 13 154 64 32 7 1
1595961702 763 341 68 13 154 65 32 7 1
1595987290 763 342 68 13 154 65 32 7 1
1595987388 763 342 68 14 154 65 32 7 1
1595993569 763 343 68 14 154 65 32 7 1
1595999374 763 344 68 14 154 65 32 7 1
1595999411 763 345 68 14 154 65 32 7 1
1596000173 763 346 68 14 154 65 32 7 1
1596000661 763 347 68 14 154 65 32 7 1
1596000678 763 348 68 14 154 65 32 7 1
1596000770 763 348 68 15 154 65 32 7 1
1596001784 763 349 68 15 154 65 32 7 1
1596004312 763 350 68 15 154 65 32 7 1
1596005743 763 350 68 15 155 65 32 7 1
1596006030 763 350 69 15 155 65 32 7 1
1596008251 763 351 69 15 155 65 32 7 1
1596008274 763 352 69 15 155 65 32 7 1
1596008287 763 353 69 15 155 65 32 7 1
1596021499 764 353 69 15 155 65 32 7 1
1596043573 764 354 69 15 155 65 32 7 1
1596045524 764 355 69 15 155 65 32 7 1
1596045691 764 356 69 15 155 65 32 7 1
1596051829 765 356 69 15 155 65 32 7 1
1596074850 765 357 69 15 155 65 32 7 1
1596077605 766 357 69 15 155 65 32 7 1
1596078076 766 357 70 15 155 65 32 7 1
1596083874 766 357 70 16 155 65 32 7 1
1596083888 766 357 70 16 156 65 32 7 1
1596083935 766 357 70 16 157 65 32 7 1
1596092996 766 358 70 16 157 65 32 7 1
1596094398 766 358 71 16 157 65 32 7 1
1596094744 767 358 71 16 157 65 32 7 1
1596094819 767 359 72 16 157 65 32 7 1
1596094829 767 360 72 16 157 65 32 7 1
1596094925 767 360 72 17 157 65 32 7 1
1596130987 767 361 72 17 157 65 32 7 1
1596132748 767 361 72 18 157 65 32 7 1
1596170947 767 362 72 18 157 65 32 7 1
1596172900 767 363 72 18 157 65 32 7 1
1596179773 767 363 72 19 157 65 32 7 1
1596180782 768 363 72 19 157 65 32 7 1
1596181282 769 363 72 19 157 65 32 7 1
1596181344 769 363 73 19 157 65 32 7 1
1596190071 770 363 73 19 157 65 32 7 1
1596190329 771 363 73 19 157 65 32 7 1
1596190876 772 363 73 19 157 65 32 7 1
1596190999 773 363 73 19 157 65 32 7 1
1596191015 774 363 73 19 157 65 32 7 1
1596191156 774 363 74 19 157 65 32 7 1
1596193853 775 363 74 19 157 65 32 7 1
1596193934 775 363 75 19 157 65 32 7 1
1596195343 776 363 75 19 157 65 32 7 1
1596195387 776 363 76 19 157 65 32 7 1
1596206900 777 363 76 19 157 65 32 7 1
1596207205 777 363 77 19 157 65 32 7 1
1596210661 778 363 77 19 157 65 32 7 1
1596210755 778 363 78 19 157 65 32 7 1
1596219665 778 364 78 19 157 65 32 7 1
1596220371 778 365 78 19 157 65 32 7 1
1596220488 778 365 78 20 157 65 32 7 1
1596256743 778 366 78 20 157 65 32 7 1
1596256836 778 366 78 21 157 65 32 7 1
1596257146 778 367 78 21 157 65 32 7 1
1596257213 778 367 78 22 157 65 32 7 1
1596292538 779 367 78 22 157 65 32 7 1
1596293897 780 367 78 22 157 65 32 7 1
1596344151 780 368 78 22 157 65 32 7 1
1596344169 780 369 78 22 157 65 32 7 1
1596344239 780 370 78 22 157 65 32 7 1
1596344298 781 370 78 22 157 65 32 7 1
1596344394 781 370 78 23 157 65 32 7 1
1596351166 782 370 78 23 157 65 32 7 1
1596351686 783 370 78 23 157 65 32 7 1
1596352274 783 370 79 23 157 65 32 7 1
1596354286 783 371 79 23 157 65 32 7 1
1596354340 783 372 79 23 157 65 32 7 1
1596356628 783 373 79 23 157 65 32 7 1
1596359262 783 374 79 23 157 65 32 7 1
1596361613 783 375 79 23 157 65 32 7 1
1596361754 783 375 79 24 157 65 32 7 1
1596362434 783 376 79 24 157 65 32 7 1
1596362499 783 376 79 25 157 65 32 7 1
1596367630 783 377 79 25 157 65 32 7 1
1596367733 783 377 79 26 157 65 32 7 1
1596380819 783 378 79 26 157 65 32 7 1
1596380887 783 379 79 26 157 65 32 7 1
1596381491 783 380 79 26 157 65 32 7 1
1596381734 783 380 79 27 157 65 32 7 1
1596429294 784 380 79 27 157 65 32 7 1
1596430234 784 380 80 27 157 65 32 7 1
1596434941 784 381 80 27 157 65 32 7 1
1596434951 784 382 80 27 157 65 32 7 1
1596437621 784 383 80 27 157 65 32 7 1
1596438114 784 384 80 27 157 65 32 7 1
1596438274 784 385 80 27 157 65 32 7 1
1596438433 784 385 80 28 157 65 32 7 1
1596440011 785 385 80 28 157 65 32 7 1
1596440018 786 385 80 28 157 65 32 7 1
1596440248 786 385 81 28 157 65 32 7 1
1596444099 787 385 81 28 157 65 32 7 1
1596446093 788 385 81 28 157 65 32 7 1
1596450456 789 385 81 28 157 65 32 7 1
1596450710 789 385 82 28 157 65 32 7 1
1596467566 790 385 82 28 157 65 32 7 1
1596468342 790 386 82 28 157 65 32 7 1
1596468351 790 387 82 28 157 65 32 7 1
1596468438 791 387 82 28 157 65 32 7 1
1596468475 791 387 82 29 157 65 32 7 1
1596474340 792 387 82 29 157 65 32 7 1
1596475749 792 387 82 29 157 66 32 7 1
1596478263 792 388 82 29 157 66 32 7 1
1596478306 792 389 82 29 157 66 32 7 1
1596478500 792 390 82 29 157 66 32 7 1
1596478517 792 391 82 29 157 66 32 7 1
1596478634 792 392 82 29 157 66 32 7 1
1596482777 792 392 82 30 157 66 32 7 1
1596511318 792 393 82 30 157 66 32 7 1
1596511357 792 394 82 30 157 66 32 7 1
1596514054 793 394 82 30 157 66 32 7 1
1596514146 793 394 83 30 157 66 32 7 1
1596514207 794 394 83 30 157 66 32 7 1
1596514281 794 395 83 30 157 66 32 7 1
1596514300 794 396 83 30 157 66 32 7 1
1596514368 795 396 83 30 157 66 32 7 1
1596514480 795 396 84 30 157 66 32 7 1
1596514872 796 396 84 30 157 66 32 7 1
1596515759 797 396 84 30 157 66 32 7 1
1596515924 797 396 85 30 157 66 32 7 1
1596516336 798 396 85 30 157 66 32 7 1
1596516605 798 397 85 30 157 66 32 7 1
1596516618 798 398 85 30 157 66 32 7 1
1596529607 798 398 86 30 157 66 32 7 1
1596532541 799 398 86 30 157 66 32 7 1
1596533010 800 398 86 30 157 66 32 7 1
1596533584 800 399 86 30 157 66 32 7 1
1596535217 800 399 86 31 157 66 32 7 1
1596539398 800 400 86 31 157 66 32 7 1
1596539818 801 400 86 31 157 66 32 7 1
1596540069 801 400 87 31 157 66 32 7 1
1596540481 801 401 87 31 157 66 32 7 1
1596540538 801 402 87 31 157 66 32 7 1
1596547828 801 403 87 31 157 66 32 7 1
1596549496 802 403 87 31 157 66 32 7 1
1596549513 803 403 87 31 157 66 32 7 1
1596549622 803 403 88 31 157 66 32 7 1
1596549684 803 403 89 31 157 66 32 7 1
1596550682 804 403 89 31 157 66 32 7 1
1596550715 805 403 89 31 157 66 32 7 1
1596551223 805 403 90 31 157 66 32 7 1
1596551468 805 404 90 31 157 66 32 7 1
1596552478 805 405 90 31 157 66 32 7 1
1596554369 806 405 90 31 157 66 32 7 1
1596554873 806 406 90 31 157 66 32 7 1
1596554882 806 407 90 31 157 66 32 7 1
1596555255 806 407 90 32 157 66 32 7 1
1596556637 806 407 90 32 158 66 32 7 1
1596556773 806 407 91 32 158 66 32 7 1
1596559509 806 408 91 32 158 66 32 7 1
1596559661 806 408 91 33 158 66 32 7 1
1596559813 806 409 91 33 158 66 32 7 1
1596559988 806 409 91 34 158 66 32 7 1
1596561239 806 410 91 34 158 66 32 7 1
1596561516 806 410 91 35 158 66 32 7 1
1596563225 806 411 91 35 158 66 32 7 1
1596563277 806 411 91 36 158 66 32 7 1
1596566161 806 412 91 36 158 66 32 7 1
1596566295 806 412 91 37 158 66 32 7 1
1596568679 806 413 91 37 158 66 32 7 1
1596568809 806 413 91 38 158 66 32 7 1
1596599631 806 414 91 38 158 66 32 7 1
1596599743 806 415 91 38 158 66 32 7 1
1596600578 806 415 91 39 158 66 32 7 1
1596600847 807 415 91 39 158 66 32 7 1
1596601256 808 415 91 39 158 66 32 7 1
1596602435 808 415 91 40 158 66 32 7 1
1596603886 809 415 91 40 158 66 32 7 1
1596603901 810 415 91 40 158 66 32 7 1
1596604029 811 415 91 40 158 66 32 7 1
1596606932 811 416 91 40 158 66 32 7 1
1596606940 811 417 91 40 158 66 32 7 1
1596608723 811 417 91 41 158 66 32 7 1
1596609782 811 418 91 41 158 66 32 7 1
1596609934 811 419 91 41 158 66 32 7 1
1596610678 811 420 91 41 158 66 32 7 1
1596610778 811 420 91 42 158 66 32 7 1
1596611702 811 421 91 42 158 66 32 7 1
1596611807 811 421 91 43 158 66 32 7 1
1596612258 812 421 91 43 158 66 32 7 1
1596614141 812 422 91 43 158 66 32 7 1
1596614150 812 423 91 43 158 66 32 7 1
1596614260 812 424 91 43 158 66 32 7 1
1596615328 812 424 91 44 158 66 32 7 1
1596626642 812 425 91 44 158 66 32 7 1
1596637019 813 425 91 44 158 66 32 7 1
1596640806 814 425 91 44 158 66 32 7 1
1596640857 815 425 91 44 158 66 32 7 1
1596641825 815 425 92 44 158 66 32 7 1
1596642230 816 425 92 44 158 66 32 7 1
1596642240 817 425 92 44 158 66 32 7 1
1596642290 818 425 92 44 158 66 32 7 1
1596642311 819 425 92 44 158 66 32 7 1
1596644683 820 425 92 44 158 66 32 7 1
1596644702 821 425 92 44 158 66 32 7 1
1596679804 821 426 92 44 158 66 32 7 1
1596680649 821 427 92 44 158 66 32 7 1
1596680667 821 428 92 44 158 66 32 7 1
1596680780 821 428 92 45 158 66 32 7 1
1596681785 822 428 92 45 158 66 32 7 1
1596685632 822 429 92 45 158 66 32 7 1
1596685641 822 430 92 45 158 66 32 7 1
1596686223 822 431 92 45 158 66 32 7 1
1596688222 823 431 92 45 158 66 32 7 1
1596688235 824 431 92 45 158 66 32 7 1
1596690396 824 432 92 45 158 66 32 7 1
1596690409 824 433 92 45 158 66 32 7 1
1596693720 824 433 92 46 158 66 32 7 1
1596696418 824 434 92 46 158 66 32 7 1
1596697420 824 435 92 46 158 66 32 7 1
1596700013 824 436 92 46 158 66 32 7 1
1596700938 824 437 92 46 158 66 32 7 1
1596701541 824 438 92 46 158 66 32 7 1
1596701636 824 438 92 47 158 66 32 7 1
1596706422 825 438 92 47 158 66 32 7 1
1596707704 825 439 92 47 158 66 32 7 1
1596707716 825 440 92 47 158 66 32 7 1
1596709754 826 440 92 47 158 66 32 7 1
1596709765 827 440 92 47 158 66 32 7 1
1596710244 828 440 92 47 158 66 32 7 1
1596711394 828 440 93 47 158 66 32 7 1
1596711675 829 440 93 47 158 66 32 7 1
1596711686 830 440 93 47 158 66 32 7 1
1596711769 830 440 94 47 158 66 32 7 1
1596720334 831 440 94 47 158 66 32 7 1
1596727778 831 441 94 47 158 66 32 7 1
1596731478 832 441 94 47 158 66 32 7 1
1596731485 833 441 94 47 158 66 32 7 1
1596731525 833 441 95 47 158 66 32 7 1
1596765852 833 442 95 47 158 66 32 7 1
1596770069 833 443 95 47 158 66 32 7 1
1596770192 833 443 95 48 158 66 32 7 1
1596771756 833 444 95 48 158 66 32 7 1
1596771952 833 444 95 49 158 66 32 7 1
1596774361 834 444 95 49 158 66 32 7 1
1596776000 834 445 95 49 158 66 32 7 1
1596776096 834 446 95 49 158 66 32 7 1
1596776106 834 447 95 49 158 66 32 7 1
1596776500 834 447 95 50 158 66 32 7 1
1596780514 834 448 95 50 158 66 32 7 1
1596780704 834 448 95 51 158 66 32 7 1
1596788722 835 448 95 51 158 66 32 7 1
1596788734 836 448 95 51 158 66 32 7 1
1596810768 837 448 95 51 158 66 32 7 1
1596816090 838 448 95 51 158 66 32 7 1
1596817635 839 448 95 51 158 66 32 7 1
1596856680 840 448 95 51 158 66 32 7 1
1596890383 840 449 95 51 158 66 32 7 1
1596890396 840 450 95 51 158 66 32 7 1
1596906356 840 451 95 51 158 66 32 7 1
1596906924 840 451 95 52 158 66 32 7 1
1596951927 840 452 95 52 158 66 32 7 1
1596968709 841 452 95 52 158 66 32 7 1
1596977129 842 452 95 52 158 66 32 7 1
1596978547 843 452 95 52 158 66 32 7 1
1596979383 844 452 95 52 158 66 32 7 1
1596980126 845 452 95 52 158 66 32 7 1
1596981516 846 452 95 52 158 66 32 7 1
1596984882 847 452 95 52 158 66 32 7 1
1596985549 848 452 95 52 158 66 32 7 1
1597032820 848 453 95 52 158 66 32 7 1
1597032830 848 454 95 52 158 66 32 7 1
1597033144 848 454 95 53 158 66 32 7 1
1597034385 848 455 95 53 158 66 32 7 1
1597034452 848 455 95 54 158 66 32 7 1
1597034849 848 456 95 54 158 66 32 7 1
1597034930 848 456 95 55 158 66 32 7 1
1597046395 849 456 95 55 158 66 32 7 1
1597047786 850 456 95 55 158 66 32 7 1
1597047792 851 456 95 55 158 66 32 7 1
1597049640 852 456 95 55 158 66 32 7 1
1597049684 853 456 95 55 158 66 32 7 1
1597055327 853 456 96 55 158 66 32 7 1
1597057065 854 456 96 55 158 66 32 7 1
1597057072 855 456 96 55 158 66 32 7 1
1597066203 856 456 96 55 158 66 32 7 1
1597066755 856 457 96 55 158 66 32 7 1
1597066843 856 458 96 55 158 66 32 7 1
1597068177 856 459 96 55 158 66 32 7 1
1597068228 856 460 96 55 158 66 32 7 1
1597074115 857 460 96 55 158 66 32 7 1
1597074918 857 461 96 55 158 66 32 7 1
1597074927 857 462 96 55 158 66 32 7 1
1597075796 857 462 96 56 158 66 32 7 1
1597077005 857 463 96 56 158 66 32 7 1
1597077140 857 463 96 57 158 66 32 7 1
1597083284 858 463 96 57 158 66 32 7 1
1597083339 859 463 96 57 158 66 32 7 1
1597104896 859 463 97 57 158 66 32 7 1
1597114927 860 463 97 57 158 66 32 7 1
1597116806 861 463 97 57 158 66 32 7 1
1597116959 861 463 98 57 158 66 32 7 1
1597120384 861 464 98 57 158 66 32 7 1
1597121098 861 465 98 57 158 66 32 7 1
1597121858 861 465 98 58 158 66 32 7 1
1597125626 861 466 98 58 158 66 32 7 1
1597126017 861 467 98 58 158 66 32 7 1
1597126128 861 467 98 59 158 66 32 7 1
1597127506 862 467 98 59 158 66 32 7 1
1597128686 862 468 98 59 158 66 32 7 1
1597128700 862 469 98 59 158 66 32 7 1
1597129322 862 469 98 60 158 66 32 7 1
1597132137 863 469 98 60 158 66 32 7 1
1597132246 864 469 98 60 158 66 32 7 1
1597133665 864 469 99 60 158 66 32 7 1
1597135683 864 470 99 60 158 66 32 7 1
1597135888 864 470 99 61 158 66 32 7 1
1597137504 864 471 99 61 158 66 32 7 1
1597137648 864 471 99 62 158 66 32 7 1
1597141571 864 472 99 62 158 66 32 7 1
1597141937 864 472 99 63 158 66 32 7 1
1597142382 865 472 99 63 158 66 32 7 1
1597142432 866 472 99 63 158 66 32 7 1
1597142491 866 473 99 63 158 66 32 7 1
1597142501 866 474 99 63 158 66 32 7 1
1597142611 866 474 99 64 158 66 32 7 1
1597143298 867 474 99 64 158 66 32 7 1
1597143309 868 474 99 64 158 66 32 7 1
1597143940 868 474 100 64 158 66 32 7 1
1597156236 869 474 100 64 158 66 32 7 1
1597156713 870 474 100 64 158 66 32 7 1
1597158211 871 474 100 64 158 66 32 7 1
1597158220 872 474 100 64 158 66 32 7 1
1597158298 872 474 101 64 158 66 32 7 1
1597160447 873 474 101 64 158 66 32 7 1
1597160521 873 474 102 64 158 66 32 7 1
1597200651 873 475 102 64 158 66 32 7 1
1597202740 873 476 102 64 158 66 32 7 1
1597203144 873 477 102 64 158 66 32 7 1
1597203171 873 478 102 64 158 66 32 7 1
1597204662 873 478 102 65 158 66 32 7 1
1597207827 874 478 102 65 158 66 32 7 1
1597207898 874 478 103 65 158 66 32 7 1
1597209199 874 479 103 65 158 66 32 7 1
1597209208 874 480 103 65 158 66 32 7 1
1597209610 874 481 103 65 158 66 32 7 1
1597209757 874 481 103 66 158 66 32 7 1
1597219741 875 481 103 66 158 66 32 7 1
1597220752 875 481 104 66 158 66 32 7 1
1597227788 875 482 104 66 158 66 32 7 1
1597228053 875 483 104 66 158 66 32 7 1
1597228096 875 484 104 66 158 66 32 7 1
1597228105 875 485 104 66 158 66 32 7 1
1597228167 876 485 104 66 158 66 32 7 1
1597228189 877 485 104 66 158 66 32 7 1
1597228649 877 485 104 67 158 66 32 7 1
1597247395 877 486 104 67 158 66 32 7 1
1597247581 877 486 104 68 158 66 32 7 1
1597251999 877 487 104 68 158 66 32 7 1
1597252092 877 487 104 69 158 66 32 7 1
1597291958 878 487 104 69 158 66 32 7 1
1597293757 879 487 104 69 158 66 32 7 1
1597293780 880 487 104 69 158 66 32 7 1
1597294522 880 487 104 70 158 66 32 7 1
1597309738 881 487 104 70 158 66 32 7 1
1597316153 881 488 104 70 158 66 32 7 1
1597316162 881 489 104 70 158 66 32 7 1
1597316407 881 490 104 70 158 66 32 7 1
1597317303 881 490 104 71 158 66 32 7 1
1597377317 881 491 104 71 158 66 32 7 1
1597378039 881 491 104 72 158 66 32 7 1
1597391314 882 491 104 72 158 66 32 7 1
1597391379 882 491 105 72 158 66 32 7 1
1597392625 883 491 105 72 158 66 32 7 1
1597392646 884 491 105 72 158 66 32 7 1
1597396186 884 492 105 72 158 66 32 7 1
1597397143 884 493 105 72 158 66 32 7 1
1597398594 884 494 105 72 158 66 32 7 1
1597399112 884 494 105 73 158 66 32 7 1
1597402366 885 494 105 73 158 66 32 7 1
1597405482 886 494 105 73 158 66 32 7 1
1597406617 886 494 106 73 158 66 32 7 1
1597421009 886 495 106 73 158 66 32 7 1
1597421161 886 496 106 73 158 66 32 7 1
1597467481 886 497 106 73 158 66 32 7 1
1597473505 887 497 106 73 158 66 32 7 1
1597474019 888 497 106 73 158 66 32 7 1
1597474248 889 497 106 73 158 66 32 7 1
1597474268 889 498 106 73 158 66 32 7 1
1597474306 889 499 106 73 158 66 32 7 1
1597475108 889 500 106 73 158 66 32 7 1
1597475207 889 500 106 74 158 66 32 7 1
1597477041 889 501 106 74 158 66 32 7 1
1597477090 889 501 106 75 158 66 32 7 1
1597478593 889 502 106 75 158 66 32 7 1
1597478742 889 502 106 76 158 66 32 7 1
1597481974 889 503 106 76 158 66 32 7 1
1597482746 889 503 106 77 158 66 32 7 1
1597502916 890 503 106 77 158 66 32 7 1
1597503166 891 503 106 77 158 66 32 7 1
1597504186 892 503 106 77 158 66 32 7 1
1597504193 893 503 106 77 158 66 32 7 1
1597504419 893 503 107 77 158 66 32 7 1
1597548233 893 504 107 77 158 66 32 7 1
1597556806 894 504 107 77 158 66 32 7 1
1597557191 894 504 107 78 158 66 32 7 1
1597557401 895 504 107 78 158 66 32 7 1
1597560625 896 504 107 78 158 66 32 7 1
1597562847 897 504 107 78 158 66 32 7 1
1597563097 897 504 108 78 158 66 32 7 1
1597565334 897 505 108 78 158 66 32 7 1
1597565419 897 505 108 79 158 66 32 7 1
1597571966 898 505 108 79 158 66 32 7 1
1597572534 899 505 108 79 158 66 32 7 1
1597574993 899 506 108 79 158 66 32 7 1
1597577301 899 507 108 79 158 66 32 7 1
1597578745 899 507 108 80 158 66 32 7 1
1597580821 899 508 108 80 158 66 32 7 1
1597580972 899 508 108 81 158 66 32 7 1
1597581674 900 508 108 81 158 66 32 7 1
1597585034 901 508 108 81 158 66 32 7 1
1597586331 901 508 109 81 158 66 32 7 1
1597587767 901 509 109 81 158 66 32 7 1
1597588698 901 510 109 81 158 66 32 7 1
1597588936 901 510 109 82 158 66 32 7 1
1597590140 901 511 109 82 158 66 32 7 1
1597590232 901 511 109 83 158 66 32 7 1
1597600148 901 511 109 83 158 67 32 7 1
1597601561 901 511 109 83 158 68 32 7 1
1597603630 901 511 109 83 158 69 32 7 1
1597607264 901 511 109 83 158 70 32 7 1
1597637375 902 511 109 83 158 70 32 7 1
1597637861 902 511 110 83 158 70 32 7 1
1597645760 902 512 110 83 158 70 32 7 1
1597646213 902 513 110 83 158 70 32 7 1
1597646828 902 513 110 84 158 70 32 7 1
1597657689 903 513 110 84 158 70 32 7 1
1597657800 903 513 111 84 158 70 32 7 1
1597725528 904 513 111 84 158 70 32 7 1
1597725811 905 513 111 84 158 70 32 7 1
1597726002 906 513 111 84 158 70 32 7 1
1597731576 907 513 111 84 158 70 32 7 1
1597731827 907 514 111 84 158 70 32 7 1
1597731859 907 515 111 84 158 70 32 7 1
1597732451 907 515 111 85 158 70 32 7 1
1597737057 907 515 111 85 158 71 32 7 1
1597737522 907 515 111 85 158 72 32 7 1
1597738018 907 515 111 85 158 73 32 7 1
1597745436 908 515 111 85 158 73 32 7 1
1597745660 909 515 111 85 158 73 32 7 1
1597746722 910 515 111 85 158 73 32 7 1
1597747012 911 515 111 85 158 73 32 7 1
1597747121 911 515 112 85 158 73 32 7 1
1597748864 911 516 112 85 158 73 32 7 1
1597748873 911 517 112 85 158 73 32 7 1
1597748999 911 517 112 86 158 73 32 7 1
1597763397 911 518 112 86 158 73 32 7 1
1597763469 911 519 112 86 158 73 32 7 1
1597763620 911 519 112 87 158 73 32 7 1
1597768494 911 520 112 87 158 73 32 7 1
1597768621 911 520 112 88 158 73 32 7 1
1597798761 911 520 112 88 159 73 32 7 1
1597802773 911 521 112 88 159 73 32 7 1
1597802808 911 522 112 88 159 73 32 7 1
1597802986 911 522 112 89 159 73 32 7 1
1597804989 911 522 112 89 160 73 32 7 1
1597805012 911 522 112 89 161 73 32 7 1
1597805961 912 522 112 89 161 73 32 7 1
1597806016 913 522 112 89 161 73 32 7 1
1597806415 914 522 112 89 161 73 32 7 1
1597806732 915 522 112 89 161 73 32 7 1
1597809402 916 522 112 89 161 73 32 7 1
1597809468 916 522 113 89 161 73 32 7 1
1597821648 917 522 113 89 161 73 32 7 1
1597824024 917 522 114 89 161 73 32 7 1
1597896137 918 522 114 89 161 73 32 7 1
1597896608 918 522 115 89 161 73 32 7 1
1597900248 918 523 115 89 161 73 32 7 1
1597900303 918 523 115 90 161 73 32 7 1
1597901475 918 524 115 90 161 73 32 7 1
1597901623 918 524 115 91 161 73 32 7 1
1597905563 918 525 115 91 161 73 32 7 1
1597905655 918 525 115 92 161 73 32 7 1
1597907092 918 526 115 92 161 73 32 7 1
1597907403 918 526 115 93 161 73 32 7 1
1597914257 918 527 115 93 161 73 32 7 1
1597914748 918 527 115 94 161 73 32 7 1
1597936474 918 528 115 94 161 73 32 7 1
1597936832 918 528 115 95 161 73 32 7 1
1597938517 918 529 115 95 161 73 32 7 1
1597938642 918 530 115 95 161 73 32 7 1
1597939335 919 530 115 95 161 73 32 7 1
1597939359 920 530 115 95 161 73 32 7 1
1597939566 920 531 115 95 161 73 32 7 1
1597939590 920 531 116 95 161 73 32 7 1
1597939639 920 532 116 95 161 73 32 7 1
1597939720 920 533 116 95 161 73 32 7 1
1597940356 920 533 116 96 161 73 32 7 1
1597976567 920 534 116 96 161 73 32 7 1
1597977811 920 535 116 96 161 73 32 7 1
1597977846 920 535 116 97 161 73 32 7 1
1597980727 920 536 116 97 161 73 32 7 1
1597981355 920 536 116 98 161 73 32 7 1
1597983683 920 537 116 98 161 73 32 7 1
1597983927 920 537 116 99 161 73 32 7 1
1597985881 920 538 116 99 161 73 32 7 1
1597986013 920 538 116 100 161 73 32 7 1
1597993437 921 538 116 100 161 73 32 7 1
1597995246 922 538 116 100 161 73 32 7 1
1597996213 922 539 116 100 161 73 32 7 1
1597996222 922 540 116 100 161 73 32 7 1
1597996348 922 540 116 101 161 73 32 7 1
1597998142 922 541 116 101 161 73 32 7 1
1597998200 922 541 116 102 161 73 32 7 1
1597999790 922 542 116 102 161 73 32 7 1
1598000274 922 542 116 103 161 73 32 7 1
1598000452 922 543 116 103 161 73 32 7 1
1598000516 922 544 116 103 161 73 32 7 1
1598000591 922 545 116 103 161 73 32 7 1
1598078188 923 545 116 103 161 73 32 7 1
1598079190 924 545 116 103 161 73 32 7 1
1598080936 925 545 116 103 161 73 32 7 1
1598081960 925 545 116 103 161 74 32 7 1
1598187107 926 545 116 103 161 74 32 7 1
1598187324 927 545 116 103 161 74 32 7 1
1598188166 928 545 116 103 161 74 32 7 1
1598251987 928 545 117 103 161 74 32 7 1
1598253532 929 545 117 103 161 74 32 7 1
1598257071 930 545 117 103 161 74 32 7 1
1598257079 931 545 117 103 161 74 32 7 1
1598257366 932 545 117 103 161 74 32 7 1
1598262704 933 545 117 103 161 74 32 7 1
1598276645 934 545 117 103 161 74 32 7 1
1598280807 935 545 117 103 161 74 32 7 1
1598283654 936 545 117 103 161 74 32 7 1
1598284242 936 545 118 103 161 74 32 7 1
1598329017 937 545 118 103 161 74 32 7 1
1598329109 937 545 119 103 161 74 32 7 1
1598343338 938 545 119 103 161 74 32 7 1
1598344747 939 545 119 103 161 74 32 7 1
1598344949 940 545 119 103 161 74 32 7 1
1598345352 941 545 119 103 161 74 32 7 1
1598349471 941 545 120 103 161 74 32 7 1
1598416322 942 545 120 103 161 74 32 7 1
1598418182 942 545 121 103 161 74 32 7 1
1598518093 943 545 121 103 161 74 32 7 1
1598518318 944 545 121 103 161 74 32 7 1
1598519459 944 545 122 103 161 74 32 7 1
1598536587 945 545 122 103 161 74 32 7 1
1598537603 945 545 123 103 161 74 32 7 1
1598600383 946 545 123 103 161 74 32 7 1
1598600992 947 545 123 103 161 74 32 7 1
1598601456 947 545 124 103 161 74 32 7 1
1598611137 948 545 124 103 161 74 32 7 1
1598615200 948 545 125 103 161 74 32 7 1
1598712197 949 545 125 103 161 74 32 7 1
1598712805 950 545 125 103 161 74 32 7 1
1598860620 951 545 125 103 161 74 32 7 1
1598861031 951 545 126 103 161 74 32 7 1
1598864676 952 545 126 103 161 74 32 7 1
1598874523 952 546 126 103 161 74 32 7 1
1598874575 952 547 126 103 161 74 32 7 1
1598883643 952 548 126 103 161 74 32 7 1
1598883775 952 548 126 104 161 74 32 7 1
1598950339 953 548 126 104 161 74 32 7 1
1598951373 954 548 126 104 161 74 32 7 1
1598953515 954 548 127 104 161 74 32 7 1
1598956362 954 549 127 104 161 74 32 7 1
1598956402 954 550 127 104 161 74 32 7 1
1599017456 954 550 127 105 161 74 32 7 1
1599103925 954 551 127 105 161 74 32 7 1
1599105638 954 552 127 105 161 74 32 7 1
1599105893 954 552 127 106 161 74 32 7 1
1599193248 955 552 127 106 161 74 32 7 1
1599205882 955 552 128 106 161 74 32 7 1
1599205948 955 553 128 106 161 74 32 7 1
1599206540 955 553 128 107 161 74 32 7 1
1599206825 955 554 128 107 161 74 32 7 1
1599207175 955 554 128 108 161 74 32 7 1
1599233102 956 554 128 108 161 74 32 7 1
1599284774 956 554 129 108 161 74 32 7 1
1599305025 957 554 129 108 161 74 32 7 1
1599305082 957 554 130 108 161 74 32 7 1
1599476639 958 554 130 108 161 74 32 7 1
1599508585 959 554 130 108 161 74 32 7 1
1599542990 959 555 130 108 161 74 32 7 1
1599545377 960 555 130 108 161 74 32 7 1
1599546990 960 556 130 108 161 74 32 7 1
1599548234 960 557 130 108 161 74 32 7 1
1599548724 960 558 130 108 161 74 32 7 1
1599548931 960 558 130 109 161 74 32 7 1
1599553989 961 558 130 109 161 74 32 7 1
1599558157 962 558 130 109 161 74 32 7 1
1599560057 963 558 130 109 161 74 32 7 1
1599561256 964 558 130 109 161 74 32 7 1
1599561805 964 558 131 109 161 74 32 7 1
1599576992 964 559 131 109 161 74 32 7 1
1599577038 964 559 131 110 161 74 32 7 1
1599580522 965 559 131 110 161 74 32 7 1
1599580584 965 559 132 110 161 74 32 7 1
1599622545 965 560 132 110 161 74 32 7 1
1599622816 965 560 132 111 161 74 32 7 1
1599623611 966 560 132 111 161 74 32 7 1
1599636315 967 560 132 111 161 74 32 7 1
1599636376 967 560 133 111 161 74 32 7 1
1599637471 968 560 133 111 161 74 32 7 1
1599645672 969 560 133 111 161 74 32 7 1
1599646219 969 560 134 111 161 74 32 7 1
1599717007 969 561 134 111 161 74 32 7 1
1599719870 970 561 134 111 161 74 32 7 1
1599719958 970 561 134 112 161 74 32 7 1
1599724221 971 561 134 112 161 74 32 7 1
1599793348 971 562 134 112 161 74 32 7 1
1599793475 971 562 134 113 161 74 32 7 1
1599806926 971 563 134 113 161 74 32 7 1
1599812402 972 563 134 113 161 74 32 7 1
1599815434 972 564 134 113 161 74 32 7 1
1599888486 973 564 134 113 161 74 32 7 1
1599894694 974 564 134 113 161 74 32 7 1
1599894818 974 564 135 113 161 74 32 7 1
1599969456 974 565 135 113 161 74 32 7 1
1599969494 974 566 135 113 161 74 32 7 1
1599973981 974 567 135 113 161 74 32 7 1
1599974623 974 568 135 113 161 74 32 7 1
1599981848 974 569 135 113 161 74 32 7 1
1600047308 974 569 135 114 161 74 32 7 1
1600050133 974 570 135 114 161 74 32 7 1
1600050637 974 570 135 115 161 74 32 7 1
1600064352 974 571 135 115 161 74 32 7 1
1600067191 975 571 135 115 161 74 32 7 1
1600070686 975 572 135 115 161 74 32 7 1
1600070696 975 573 135 115 161 74 32 7 1
1600070740 975 573 135 116 161 74 32 7 1
1600074283 975 574 135 116 161 74 32 7 1
1600074778 976 574 135 116 161 74 32 7 1
1600074795 977 574 135 116 161 74 32 7 1
1600074996 977 575 135 116 161 74 32 7 1
1600075007 977 576 135 116 161 74 32 7 1
1600075921 977 577 135 116 161 74 32 7 1
1600076012 978 577 135 116 161 74 32 7 1
1600076027 979 577 135 116 161 74 32 7 1
1600076051 979 577 135 117 161 74 32 7 1
1600092006 980 577 135 117 161 74 32 7 1
1600103674 980 578 135 117 161 74 32 7 1
1600103685 980 579 135 117 161 74 32 7 1
1600103851 980 579 135 118 161 74 32 7 1
1600138776 980 580 135 118 161 74 32 7 1
1600138837 980 581 135 118 161 74 32 7 1
1600138929 980 581 135 119 161 74 32 7 1
1600140946 980 582 135 119 161 74 32 7 1
1600142133 980 583 135 119 161 74 32 7 1
1600142262 980 584 135 119 161 74 32 7 1
1600142436 980 584 135 120 161 74 32 7 1
1600147511 980 585 135 120 161 74 32 7 1
1600147663 980 585 135 121 161 74 32 7 1
1600149865 980 586 135 121 161 74 32 7 1
1600149916 980 587 135 121 161 74 32 7 1
1600149979 980 587 135 122 161 74 32 7 1
1600155259 981 587 135 122 161 74 32 7 1
1600157123 982 587 135 122 161 74 32 7 1
1600159871 982 588 135 122 161 74 32 7 1
1600159942 982 588 135 123 161 74 32 7 1
1600162091 983 588 135 123 161 74 32 7 1
1600163095 984 588 135 123 161 74 32 7 1
1600163700 985 588 135 123 161 74 32 7 1
1600163862 986 588 135 123 161 74 32 7 1
1600164470 986 588 136 123 161 74 32 7 1
1600166826 987 588 136 123 161 74 32 7 1
1600166939 987 588 137 123 161 74 32 7 1
1600180988 987 589 137 123 161 74 32 7 1
1600185045 987 590 137 123 161 74 32 7 1
1600185233 987 590 137 124 161 74 32 7 1
1600225483 988 590 137 124 161 74 32 7 1
1600225652 988 590 138 124 161 74 32 7 1
1600226523 989 590 138 124 161 74 32 7 1
1600226749 990 590 138 124 161 74 32 7 1
1600226786 991 590 138 124 161 74 32 7 1
1600226900 991 590 139 124 161 74 32 7 1
1600235123 991 591 139 124 161 74 32 7 1
1600235578 991 592 139 124 161 74 32 7 1
1600235684 991 592 139 125 161 74 32 7 1
1600237888 991 593 139 125 161 74 32 7 1
1600238564 991 594 139 125 161 74 32 7 1
1600238699 991 594 139 126 161 74 32 7 1
1600244295 991 595 139 126 161 74 32 7 1
1600246054 991 596 139 126 161 74 32 7 1
1600246750 991 596 139 127 161 74 32 7 1
1600246810 992 596 139 127 161 74 32 7 1
1600247444 992 596 140 127 161 74 32 7 1
1600253493 993 596 140 127 161 74 32 7 1
1600261083 994 596 140 127 161 74 32 7 1
1600261346 995 596 140 127 161 74 32 7 1
1600263318 995 596 141 127 161 74 32 7 1
1600311610 995 597 141 127 161 74 32 7 1
1600315179 995 598 141 127 161 74 32 7 1
1600315365 995 598 141 128 161 74 32 7 1
1600324458 996 598 141 128 161 74 32 7 1
1600328506 997 598 141 128 161 74 32 7 1
1600328576 997 598 142 128 161 74 32 7 1
1600332252 997 599 142 128 161 74 32 7 1
1600334800 997 600 142 128 161 74 32 7 1
1600334997 997 600 142 129 161 74 32 7 1
1600336440 997 601 142 129 161 74 32 7 1
1600336524 997 601 142 130 161 74 32 7 1
1600360619 998 601 142 130 161 74 32 7 1
1600360706 998 601 143 130 161 74 32 7 1
1600408254 998 602 143 130 161 74 32 7 1
1600411293 998 603 143 130 161 74 32 7 1
1600411862 998 603 143 131 161 74 32 7 1
1600421926 999 603 143 131 161 74 32 7 1
1600427064 999 605 144 131 161 74 32 7 1
1600441346 999 606 144 131 161 74 32 7 1
1600443984 999 607 144 131 161 74 32 7 1
1600444005 999 608 144 131 161 74 32 7 1
1600444079 999 608 144 132 161 74 32 7 1
1600520145 999 608 144 132 161 75 32 7 1
1600596497 999 609 144 132 161 75 32 7 1
1600596661 999 609 144 133 161 75 32 7 1
1600611354 1000 609 144 133 161 75 32 7 1
1600654601 1000 610 144 133 161 75 32 7 1
1600657726 1000 611 144 133 161 75 32 7 1
1600657795 1000 612 144 133 161 75 32 7 1
1600658131 1000 613 144 133 161 75 32 7 1
1600658409 1000 613 144 134 161 75 32 7 1
1600659018 1000 614 144 134 161 75 32 7 1
1600659550 1000 615 144 134 161 75 32 7 1
1600662440 1000 616 144 134 161 75 32 7 1
1600662692 1000 617 144 134 161 75 32 7 1
1600663000 1000 617 144 135 161 75 32 7 1
1600668348 1000 618 144 135 161 75 32 7 1
1600668537 1000 618 144 136 161 75 32 7 1
1600676257 1000 619 144 136 161 75 32 7 1
1600678645 1001 619 144 136 161 75 32 7 1
1600678991 1002 619 144 136 161 75 32 7 1
1600678999 1003 619 144 136 161 75 32 7 1
1600680002 1003 620 144 136 161 75 32 7 1
1600680278 1003 620 144 137 161 75 32 7 1
1600692818 1003 621 144 137 161 75 32 7 1
1600693814 1003 622 144 137 161 75 32 7 1
1600693884 1003 622 144 138 161 75 32 7 1
1600695900 1003 623 144 138 161 75 32 7 1
1600696121 1003 623 144 139 161 75 32 7 1
1600714315 1004 623 144 139 161 75 32 7 1
1600742184 1005 623 144 139 161 75 32 7 1
1600742800 1005 623 144 140 161 75 32 7 1
1600743009 1006 623 144 140 161 75 32 7 1
1600743296 1006 623 145 140 161 75 32 7 1
1600748320 1007 623 145 140 161 75 32 7 1
1600755666 1008 623 145 140 161 75 32 7 1
1600760478 1009 623 145 140 161 75 32 7 1
1600764072 1010 623 145 140 161 75 32 7 1
1600764573 1011 623 145 140 161 75 32 7 1
1600764762 1012 623 145 140 161 75 32 7 1
1600765361 1013 623 145 140 161 75 32 7 1
1600765968 1014 623 145 140 161 75 32 7 1
1600766037 1014 624 145 140 161 75 32 7 1
1600766441 1015 624 145 140 161 75 32 7 1
1600766486 1016 624 145 140 161 75 32 7 1
1600767211 1017 624 145 140 161 75 32 7 1
1600767513 1018 624 145 140 161 75 32 7 1
1600767558 1019 624 145 140 161 75 32 7 1
1600767609 1020 625 145 140 161 75 32 7 1
1600767768 1020 625 145 141 161 75 32 7 1
1600769157 1021 625 145 141 161 75 32 7 1
1600770533 1021 625 146 141 161 75 32 7 1
1600772205 1022 625 146 141 161 75 32 7 1
1600772511 1022 625 147 141 161 75 32 7 1
1600784429 1023 625 147 141 161 75 32 7 1
1600784797 1023 626 147 141 161 75 32 7 1
1600785673 1023 627 147 141 161 75 32 7 1
1600786225 1023 628 147 141 161 75 32 7 1
1600786549 1023 629 147 141 161 75 32 7 1
1600786581 1023 629 147 142 161 75 32 7 1
1600790907 1023 630 147 142 161 75 32 7 1
1600791697 1023 631 147 142 161 75 32 7 1
1600791789 1023 631 147 143 161 75 32 7 1
1600828848 1023 632 147 143 161 75 32 7 1
1600828948 1023 632 147 144 161 75 32 7 1
1600833176 1024 632 147 144 161 75 32 7 1
1600833286 1025 632 147 144 161 75 32 7 1
1600833379 1025 632 148 144 161 75 32 7 1
1600837409 1025 633 148 144 161 75 32 7 1
1600837496 1025 634 148 144 161 75 32 7 1
1600837553 1025 634 148 145 161 75 32 7 1
1600850763 1025 635 148 145 161 75 32 7 1
1600850951 1025 635 148 146 161 75 32 7 1
1600922929 1025 636 148 146 161 75 32 7 1
1600923090 1025 636 148 147 161 75 32 7 1
1600933838 1025 637 148 147 161 75 32 7 1
1600934952 1025 638 148 147 161 75 32 7 1
1600935978 1025 639 148 147 161 75 32 7 1
1600936463 1025 639 148 148 161 75 32 7 1
1600942358 1026 639 148 148 161 75 32 7 1
1600942556 1026 639 149 148 161 75 32 7 1
1600946563 1027 639 149 148 161 75 32 7 1
1600946822 1027 640 149 148 161 75 32 7 1
1600953936 1028 640 149 148 161 75 32 7 1
1600959482 1028 641 149 148 161 75 32 7 1
1600959639 1028 641 149 149 161 75 32 7 1
1600960262 1028 642 149 149 161 75 32 7 1
1600964130 1028 643 149 149 161 75 32 7 1
1600964202 1028 643 149 150 161 75 32 7 1
1600965108 1029 643 149 150 161 75 32 7 1
1600965254 1030 643 149 150 161 75 32 7 1
1601006234 1031 643 149 150 161 75 32 7 1
1601017474 1032 643 149 150 161 75 32 7 1
1601017603 1032 643 150 150 161 75 32 7 1
1601018026 1033 643 150 150 161 75 32 7 1
1601018067 1033 643 151 150 161 75 32 7 1
1601032633 1033 644 151 150 161 75 32 7 1
1601032659 1033 645 151 150 161 75 32 7 1
1601033133 1033 646 151 150 161 75 32 7 1
1601033164 1033 646 151 151 161 75 32 7 1
1601045344 1034 646 151 151 161 75 32 7 1
1601045820 1034 646 152 151 161 75 32 7 1
1601117355 1034 647 152 151 161 75 32 7 1
1601117456 1034 647 152 152 161 75 32 7 1
1601179730 1035 647 152 152 161 75 32 7 1
1601179826 1036 647 152 152 161 75 32 7 1
1601180199 1037 647 152 152 161 75 32 7 1
1601180326 1037 647 153 152 161 75 32 7 1
1601182491 1038 647 153 152 161 75 32 7 1
1601182499 1039 647 153 152 161 75 32 7 1
1601182686 1039 648 153 152 161 75 32 7 1
1601183438 1039 648 153 153 161 75 32 7 1
1601184017 1039 649 153 153 161 75 32 7 1
1601189973 1039 649 153 154 161 75 32 7 1
1601213288 1040 649 153 154 161 75 32 7 1
1601213937 1040 649 154 154 161 75 32 7 1
1601228982 1040 650 154 154 161 75 32 7 1
1601229364 1040 650 154 155 161 75 32 7 1
1601266341 1040 651 154 155 161 75 32 7 1
1601266480 1040 651 154 156 161 75 32 7 1
1601278600 1041 651 154 156 161 75 32 7 1
1601279604 1041 651 155 156 161 75 32 7 1
1601280569 1041 652 155 156 161 75 32 7 1
1601280710 1041 652 155 157 161 75 32 7 1
1601289642 1042 652 155 157 161 75 32 7 1
1601289743 1042 652 156 157 161 75 32 7 1
1601318561 1043 652 156 157 161 75 32 7 1
1601318653 1043 652 157 157 161 75 32 7 1
1601355356 1043 653 157 157 161 75 32 7 1
1601356141 1043 654 157 157 161 75 32 7 1
1601357616 1043 655 157 157 161 75 32 7 1
1601357644 1043 655 157 158 161 75 32 7 1
1601362516 1043 656 157 158 161 75 32 7 1
1601362605 1043 656 157 159 161 75 32 7 1
1601370348 1044 656 157 159 161 75 32 7 1
1601370355 1045 656 157 159 161 75 32 7 1
1601370420 1045 656 158 159 161 75 32 7 1
1601370765 1046 656 158 159 161 75 32 7 1
1601370908 1046 656 159 159 161 75 32 7 1
1601372668 1047 656 159 159 161 75 32 7 1
1601373888 1048 656 159 159 161 75 32 7 1
1601374446 1049 656 159 159 161 75 32 7 1
1601374463 1050 656 159 159 161 75 32 7 1
1601374650 1051 656 159 159 161 75 32 7 1
1601375376 1052 656 159 159 161 75 32 7 1
1601376306 1053 656 159 159 161 75 32 7 1
1601376993 1054 656 159 159 161 75 32 7 1
1601377008 1055 656 159 159 161 75 32 7 1
1601377092 1056 656 159 159 161 75 32 7 1
1601377349 1056 656 160 159 161 75 32 7 1
1601442434 1057 656 160 159 161 75 32 7 1
1601446571 1058 656 160 159 161 75 32 7 1
1601446795 1058 656 161 159 161 75 32 7 1
1601454965 1058 657 161 159 161 75 32 7 1
1601455216 1059 657 161 159 161 75 32 7 1
1601455226 1059 658 161 159 161 75 32 7 1
1601455248 1060 658 161 159 161 75 32 7 1
1601455307 1060 658 161 160 161 75 32 7 1
1601456020 1061 658 161 160 161 75 32 7 1
1601456133 1061 658 162 160 161 75 32 7 1
1601464867 1062 658 162 160 161 75 32 7 1
1601464929 1063 658 162 160 161 75 32 7 1
1601464973 1063 658 163 160 161 75 32 7 1
1601479006 1064 658 163 160 161 75 32 7 1
1601479117 1064 658 164 160 161 75 32 7 1
1601543046 1065 658 164 160 161 75 32 7 1
1601545821 1065 658 165 160 161 75 32 7 1
1601609371 1065 659 165 160 161 75 32 7 1
1601614815 1065 660 165 160 161 75 32 7 1
1601614944 1065 660 165 161 161 75 32 7 1
1601789202 1066 660 165 161 161 75 32 7 1
1601789277 1066 660 166 161 161 75 32 7 1
1601984306 1067 660 166 161 161 75 32 7 1
1602036471 1068 660 166 161 161 75 32 7 1
1602094072 1069 660 166 161 161 75 32 7 1
1602141006 1070 660 166 161 161 75 32 7 1
1602142054 1070 660 167 161 161 75 32 7 1
1602484928 1071 660 167 161 161 75 32 7 1
1602502723 1071 660 168 161 161 75 32 7 1
1602606720 1072 660 168 161 161 75 32 7 1
1602607559 1073 660 168 161 161 75 32 7 1
1602607608 1073 660 169 161 161 75 32 7 1
1602641294 1074 660 169 161 161 75 32 7 1
1602641341 1074 660 170 161 161 75 32 7 1
1602645331 1075 660 170 161 161 75 32 7 1
1602645418 1075 660 171 161 161 75 32 7 1
1602665308 1075 661 171 161 161 75 32 7 1
1602665637 1075 661 171 162 161 75 32 7 1
1602697142 1076 661 171 162 161 75 32 7 1
1602697200 1076 661 172 162 161 75 32 7 1
1602738167 1077 661 172 162 161 75 32 7 1
1602747075 1078 661 172 162 161 75 32 7 1
1602750203 1079 661 172 162 161 75 32 7 1
1602755321 1080 661 172 162 161 75 32 7 1
1602755885 1080 662 173 162 161 75 32 7 1
1602756741 1080 662 173 163 161 75 32 7 1
1602846949 1080 663 173 163 161 75 32 7 1
1602914956 1080 664 173 163 161 75 32 7 1
1602915163 1080 664 173 164 161 75 32 7 1
1602920379 1080 665 173 164 161 75 32 7 1
1602920441 1080 665 173 165 161 75 32 7 1
1603148824 1081 665 173 165 161 75 32 7 1
1603148906 1081 665 174 165 161 75 32 7 1
1603349237 1082 665 174 165 161 75 32 7 1
1603349355 1082 665 175 165 161 75 32 7 1
1603438184 1083 665 175 165 161 75 32 7 1
1603439090 1084 665 175 165 161 75 32 7 1
1603439195 1084 665 176 165 161 75 32 7 1
1603612222 1085 665 176 165 161 75 32 7 1
1603612265 1085 665 177 165 161 75 32 7 1
1603685136 1086 665 177 165 161 75 32 7 1
1603685240 1086 665 178 165 161 75 32 7 1
1603787977 1087 665 178 165 161 75 32 7 1
1603788555 1088 665 178 165 161 75 32 7 1
1603788707 1089 665 178 165 161 75 32 7 1
1603791956 1090 665 178 165 161 75 32 7 1
1603796709 1091 665 178 165 161 75 32 7 1
1603797825 1091 665 179 165 161 75 32 7 1
1603806737 1091 665 179 165 161 76 32 7 1
1603882100 1092 665 179 165 161 76 32 7 1
1603882264 1093 665 179 165 161 76 32 7 1
1603882318 1093 665 180 165 161 76 32 7 1
1604284513 1094 665 180 165 161 76 32 7 1
1604284959 1095 665 180 165 161 76 32 7 1
1604292192 1095 666 180 165 161 76 32 7 1
1604324314 1095 666 180 166 161 76 32 7 1
1604396990 1096 666 180 166 161 76 32 7 1
1604398170 1097 666 180 166 161 76 32 7 1
1604398578 1098 666 180 166 161 76 32 7 1
1604398785 1098 666 181 166 161 76 32 7 1
1604398800 1098 666 182 166 161 76 32 7 1
1604411322 1098 667 182 166 161 76 32 7 1
1604417914 1098 668 182 166 161 76 32 7 1
1604418057 1098 669 182 166 161 76 32 7 1
1604418319 1098 669 182 167 161 76 32 7 1
1604471551 1099 669 182 167 161 76 32 7 1
1604478092 1100 669 182 167 161 76 32 7 1
1604479635 1100 669 183 167 161 76 32 7 1
1604506616 1100 670 183 167 161 76 32 7 1
1604506681 1100 670 183 168 161 76 32 7 1
1604946974 1101 670 183 168 161 76 32 7 1
1604950847 1101 670 184 168 161 76 32 7 1
1605083716 1102 670 184 168 161 76 32 7 1
1605087037 1103 670 184 168 161 76 32 7 1
1605087068 1103 670 185 168 161 76 32 7 1
1605151308 1104 670 185 168 161 76 32 7 1
1605151344 1104 670 186 168 161 76 32 7 1
1605152518 1105 670 186 168 161 76 32 7 1
1605152561 1105 670 187 168 161 76 32 7 1
1605163388 1106 670 187 168 161 76 32 7 1
1605163718 1107 670 187 168 161 76 32 7 1
1605163770 1107 670 188 168 161 76 32 7 1
1605181258 1108 670 188 168 161 76 32 7 1
1605235452 1109 670 188 168 161 76 32 7 1
1605240419 1110 670 188 168 161 76 32 7 1
1605240465 1110 670 189 168 161 76 32 7 1
1605333802 1111 670 189 168 161 76 32 7 1
1605335275 1112 670 189 168 161 76 32 7 1
1605335339 1112 670 190 168 161 76 32 7 1
1605506090 1113 670 190 168 161 76 32 7 1
1605506182 1113 670 191 168 161 76 32 7 1
1605506862 1114 670 191 168 161 76 32 7 1
1605510222 1114 670 192 168 161 76 32 7 1
1605512008 1115 670 192 168 161 76 32 7 1
1605550381 1116 670 192 168 161 76 32 7 1
1605553221 1117 670 192 168 161 76 32 7 1
1605555344 1118 670 192 168 161 76 32 7 1
1605585066 1119 670 192 168 161 76 32 7 1
1605585112 1119 670 193 168 161 76 32 7 1
1605585499 1120 670 193 168 161 76 32 7 1
1605585770 1121 670 193 168 161 76 32 7 1
1605585822 1121 670 194 168 161 76 32 7 1
1605596699 1122 670 194 168 161 76 32 7 1
1605613960 1123 670 194 168 161 76 32 7 1
1605614217 1124 670 194 168 161 76 32 7 1
1605627361 1125 670 194 168 161 76 32 7 1
1605627416 1125 670 195 168 161 76 32 7 1
1605667667 1126 670 195 168 161 76 32 7 1
1605667770 1126 670 196 168 161 76 32 7 1
1605682729 1127 670 196 168 161 76 32 7 1
1605682932 1127 670 197 168 161 76 32 7 1
1605713298 1127 671 197 168 161 76 32 7 1
1605713365 1127 671 197 169 161 76 32 7 1
1605765605 1128 671 197 169 161 76 32 7 1
1605766627 1129 671 197 169 161 76 32 7 1
1605769292 1130 671 197 169 161 76 32 7 1
1605769371 1130 671 198 169 161 76 32 7 1
1605812282 1131 671 198 169 161 76 32 7 1
1605812325 1131 671 199 169 161 76 32 7 1
1605844998 1131 672 199 169 161 76 32 7 1
1605845515 1131 672 199 170 161 76 32 7 1
1605982594 1131 672 199 170 161 77 32 7 1
1606033783 1132 672 199 170 161 77 32 7 1
1606034893 1133 672 199 170 161 77 32 7 1
1606035073 1134 672 199 170 161 77 32 7 1
1606035220 1135 672 199 170 161 77 32 7 1
1606035239 1136 672 199 170 161 77 32 7 1
1606035311 1137 672 199 170 161 77 32 7 1
1606035485 1138 672 199 170 161 77 32 7 1
1606035532 1138 672 200 170 161 77 32 7 1
1606102377 1138 673 200 170 161 77 32 7 1
1606102503 1138 673 200 171 161 77 32 7 1
1606102591 1138 674 200 171 161 77 32 7 1
1606103221 1138 674 200 172 161 77 32 7 1
1606191654 1139 674 200 172 161 77 32 7 1
1606192630 1140 674 200 172 161 77 32 7 1
1606197885 1141 674 200 172 161 77 32 7 1
1606198902 1142 674 200 172 161 77 32 7 1
1606199713 1143 674 200 172 161 77 32 7 1
1606200386 1144 674 200 172 161 77 32 7 1
1606200418 1144 674 201 172 161 77 32 7 1
1606203438 1145 674 201 172 161 77 32 7 1
1606203541 1145 674 202 172 161 77 32 7 1
1606273264 1146 674 202 172 161 77 32 7 1
1606274058 1147 674 202 172 161 77 32 7 1
1606274773 1148 674 202 172 161 77 32 7 1
1606274877 1148 674 203 172 161 77 32 7 1
1606275280 1149 674 203 172 161 77 32 7 1
1606302713 1150 674 203 172 161 77 32 7 1
1606302750 1150 674 204 172 161 77 32 7 1
1606328157 1150 674 204 172 161 78 32 7 1
1606365125 1151 674 204 172 161 78 32 7 1
1606372267 1151 675 204 172 161 78 32 7 1
1606372471 1151 675 204 173 161 78 32 7 1
1606373068 1152 675 204 173 161 78 32 7 1
1606373261 1153 675 204 173 161 78 32 7 1
1606373864 1154 675 204 173 161 78 32 7 1
1606373967 1154 675 205 173 161 78 32 7 1
