1582191697 32
1582191865 49941
1582193524 49970
1582193721 50016
1582196427 44373
1582199491 44376
1582200686 44377
1582210717 44378
1582213522 44379
1582258042 44259
1582274070 44257
1582275926 44272
1582277093 44288
1582277113 44334
1582282678 44364
1582282971 44382
1582295815 44635
1582297023 44637
1582299736 44647
1582382294 44740
1582389416 44740
1582429122 44740
1582435439 44750
1582442198 44556
1582444536 44594
1582475340 44738
1582475360 44744
1582512518 44746
1582519252 44748
1582520434 44752
1582520549 44753
1582526523 44745
1582526628 44759
1582535013 44775
1582535029 44800
1582538248 44783
1582566876 44785
1582602353 44799
1582602576 44800
1582602598 44850
1582603146 44850
1582604363 44884
1582606701 44890
1582606716 44891
1582620230 44901
1582620942 44985
1582623740 45012
1582623747 45024
1582630309 45022
1582630342 45032
1582639646 45032
1582640174 45032
1582647189 45034
1582688777 45034
1582691880 45036
1582691945 45039
1582691960 45052
1582694805 45052
1582695367 45058
1582775933 45059
1582776896 45059
1582776992 45179
1582777548 45171
1582781284 45173
1582781295 45076
1582789688 45076
1582789714 45122
1582790014 45121
1582790036 45160
1582794752 45206
1582796219 45210
1582803706 45211
1582809355 45223
1582814996 45225
1582819410 45226
1582858967 45228
1582862206 45182
1582862448 45182
1582862910 45194
1582864104 45220
1582864117 45217
1582864595 45211
1582874088 45300
1582874383 45300
1582874495 45298
1582875003 45301
1582902327 45315
1582903359 45343
1582904056 45358
1582968771 45593
1582971427 45670
1582971543 45672
1582985035 45672
1582985672 45674
1582986356 45679
1582987055 45680
1582988018 45682
1582988473 45684
1582989496 45711
1583032439 45725
1583033927 45738
1583042114 45747
1583042689 45751
1583044500 45790
1583047493 45866
1583052680 45866
1583052754 45866
1583055150 46113
1583071176 46118
1583072712 46130
1583073150 46152
1583073448 46127
1583074354 46133
1583074837 46133
1583074947 46133
1583075376 46133
1583075446 46133
1583076363 46134
1583077765 46134
1583077773 46135
1583077869 46135
1583084003 46135
1583121242 46138
1583126543 46194
1583129530 46203
1583129544 46210
1583159645 46279
1583160274 46278
1583210608 46278
1583211815 46222
1583224148 46225
1583229175 46278
1583244455 46277
1583247278 46106
1583295812 46228
1583297412 46268
1583306479 46288
1583306498 46290
1583310181 46362
1583310194 46412
1583313495 46465
1583313507 46419
1583316929 46419
1583322834 46419
1583322862 46427
1583322893 46466
1583324835 46437
1583336611 46437
1583340344 46442
1583341636 46448
1583383105 46450
1583383256 46449
1583384036 46449
1583386969 46449
1583388454 46449
1583397027 46500
1583397034 46506
1583399809 46504
1583401452 46491
1583401488 46480
1583403296 46479
1583403669 46479
1583406708 46477
1583420461 46491
1583420863 46491
1583422516 46493
1583423455 46480
1583423754 46487
1583425755 46487
1583426320 46488
1583461235 46488
1583464401 46489
1583464712 46489
1583466287 46489
1583467151 46492
1583467342 46492
1583467738 46492
1583468599 46494
1583468739 46494
1583469375 46494
1583475087 46494
1583475463 46500
1583488855 46552
1583489432 46552
1583490285 46511
1583507550 46551
1583515806 46633
1583554099 46643
1583558420 46717
1583566931 46746
1583567014 46784
1583595353 46934
1583596765 47044
1583597588 47047
1583600179 47047
1583652534 47047
1583654368 47047
1583654386 47075
1583654426 47074
1583683863 47078
1583719088 47078
1583724200 47108
1583725690 47170
1583728437 47219
1583728455 47219
1583729379 47201
1583729909 47201
1583736334 47212
1583738128 47259
1583739859 47274
1583744795 47274
1583744811 47274
1583750469 47307
1583750519 47311
1583752306 47315
1583765534 47321
1583766386 47317
1583824444 47318
1583830567 47337
1583830580 47337
1583830696 47337
1583897538 47337
1583897720 47337
1583897822 47332
1583899035 47322
1583911619 47322
1583911631 47323
1583914575 47353
1583915324 47353
1583918084 47388
1583921822 47428
1583921837 47445
1583982721 47459
1583986651 47472
1583986711 47486
1583998038 47486
1584011267 47485
1584011273 47478
1584030860 47486
1584030868 47736
1584032552 47736
1584034722 47736
1584065161 47736
1584065468 47736
1584070716 47736
1584071121 47736
1584071615 47736
1584072058 47737
1584072132 47733
1584079540 47797
1584081322 47797
1584081331 47797
1584083242 47794
1584091950 47791
1584092036 47789
1584092049 47799
1584093652 47799
1584093681 47800
1584098362 47904
1584098393 47903
1584111377 47943
1584111793 47943
1584117244 47943
1584171334 47966
1584171343 47973
1584171866 47986
1584174095 47986
1584330482 47994
1584330523 47992
1584330571 47998
1584347287 47996
1584347340 48015
1584350898 48014
1584356505 48019
1584356515 48020
1584370925 48020
1584374650 48043
1584375421 48041
1584378800 48043
1584380127 48044
1584413052 48045
1584413063 48048
1584413160 48048
1584440034 48052
1584441473 48073
1584442097 48073
1584456217 48070
1584507772 48069
1584507789 48058
1584516604 48077
1584517861 48048
1584518745 48052
1584520448 48079
1584520639 48060
1584521520 48070
1584521860 48070
1584527307 48070
1584544699 48070
1584544819 48069
1584596298 48029
1584596432 48011
1584596595 48035
1584601779 48035
1584602846 48035
1584607451 48074
1584625344 48106
1584634199 48106
1584637512 48107
1584643279 48110
1584670259 48110
1584679433 48137
1584683058 48135
1584689626 48135
1584697321 48135
1584789370 48135
1584871903 48150
1584949031 48150
1584949780 48151
1584950271 48142
1584951021 48141
1584960796 48149
1585046113 48149
1585047197 48177
1585062304 48191
1585121511 48199
1585125153 48199
1585142860 48384
1585142879 48384
1585145268 48381
1585146420 48443
1585193900 48438
1585206664 48430
1585207896 48437
1585213608 48448
1585213719 48448
1585213966 48456
1585234118 48463
1585281141 48471
1585282911 48514
1585289307 48519
1585319728 48530
1585371416 48530
1585376877 48530
1585404520 48546
1585406823 48551
1585497787 48633
1585497805 48648
1585539234 48672
1585539526 48672
1585540522 48673
1585541091 48666
1585549765 48671
1585571853 48675
1585577924 48689
1585579859 48693
1585627907 48693
1585627939 48702
1585636871 48709
1585637015 48709
1585638789 48692
1585648368 48692
1585650664 48692
1585728539 48692
1585729274 48696
1585743188 48698
1585743579 48698
1585746596 48698
1585749298 48698
1585750169 48698
1585797148 48698
1585797229 48698
1585797986 48720
1585809334 48722
1585893650 48738
1585893980 48737
1585975008 48737
1586166689 48737
1586441608 48921
1586446192 49120
1586498233 49171
1586500453 49208
1586501925 49227
1586507592 49257
1586509027 49265
1586586290 49237
1586755047 49317
1586761107 49349
1586771497 49381
1586778656 49388
1586781579 49388
1586833692 49361
1586834618 49362
1586837747 49362
1586924830 49308
1587018868 49308
1587036093 49316
1587101314 49325
1587104142 49324
1587118013 49330
1587124637 49330
1587125578 49333
1587132266 49337
1587133437 49339
1587135558 49339
1587145426 49362
1587196495 49363
1587201100 49362
1587201116 49339
1587203196 49334
1587206854 49344
1587207325 49344
1587221142 49334
1587222014 49335
1587222479 49335
1587226696 49336
1587228912 49341
1587229190 49343
1587357578 49343
1587358929 49343
1587365181 49342
1587701396 49492
1587701421 49580
1587725278 49588
1587736266 49592
1587736299 49592
1587742611 49604
1587743459 49598
1587794765 49737
1587802705 49757
1587802869 49757
1587805030 49775
1587805783 49776
1587876546 49776
1587969727 49777
1587984319 49782
1587984335 49782
1587989625 49777
1587997213 49779
1587997292 49779
1587997707 49783
1587997807 49783
1588054582 49783
1588055613 49804
1588057839 49808
1588065296 49763
1588068275 49787
1588070785 49792
1588071441 49811
1588071556 49811
1588082142 49829
1588082300 49829
1588082921 49829
1588083181 49829
1588083543 49829
1588086379 49835
1588135391 49835
1588142596 49837
1588143521 49836
1588226919 49836
1588228003 49838
1588229555 49830
1588394729 49830
1588396729 49837
1588399737 49832
1588411283 49832
1588412329 49822
1588413006 49822
1588518376 49998
1588519760 50004
1588564131 50002
1588564395 50003
1588584502 50037
1588586841 50046
1588587300 50046
1588587352 50046
1588587537 50049
1588588766 50085
1588589360 50085
1588591123 50099
1588645716 50099
1588646018 50106
1588646408 50106
1588646723 50107
1588652468 50112
1588655018 50119
1588662840 50124
1588667241 50015
1588739788 50077
1588849065 50084
1588849879 50095
1588850336 50099
1588860814 50099
1588912814 50099
1588914446 50098
1588922379 50098
1588923349 50096
1588926553 50114
1588928286 50114
1588931343 50234
1588933490 50234
1588936044 50255
1588949602 50256
1588999756 50259
1589000304 50263
1589001416 50275
1589002495 50275
1589012247 50294
1589014011 50289
1589035465 50289
1589037777 50355
1589095056 50562
1589117760 50562
1589117972 50562
1589169590 50564
1589170520 50549
1589170807 50598
1589171206 50602
1589173147 50610
1589183286 50654
1589192052 50753
1589255607 50752
1589255955 50752
1589256050 50755
1589258154 50781
1589258432 50787
1589258645 50787
1589268566 50815
1589268794 50815
1589271943 50818
1589272405 50821
1589281909 51284
1589282352 51288
1589282752 51290
1589284094 51292
1589293492 51298
1589294123 51298
1589296967 51350
1589298897 51350
1589299357 51356
1589340717 51356
1589343055 51363
1589343885 51371
1589344469 51372
1589344917 51372
1589351574 51400
1589354435 51400
1589359233 51400
1589363643 51469
1589364493 51487
1589364874 51499
1589430726 51502
1589460993 51502
1589461195 51502
1589461292 51502
1589461546 51502
1589462529 51504
1589462654 51486
1589464869 51566
1589525206 51566
1589525222 51568
1589532685 51570
1589535611 51595
1589604169 51642
1589604689 51650
1589605311 51656
1589605836 51673
1589607902 51673
1589608396 51685
1589608805 51683
1589609441 51684
1589611291 51719
1589618376 51734
1589774343 51734
1589799322 51734
1589877645 51742
1589879915 51742
1589880104 51741
1589880581 51741
1589881275 51750
1589882996 51763
1589883651 51763
1589884430 51763
1589887595 51828
1589891687 51828
1589892110 51828
1589895972 51894
1589896002 51895
1589897788 51897
1589897986 51897
1589906867 51897
1589953283 51899
1589954467 51900
1589967162 51900
1589967463 51901
1589968496 51911
1589970549 51918
1589973894 51918
1589987367 51920
1590053629 51921
1590057377 51907
1590210911 51907
1590211491 51908
1590214305 51985
1590218019 51988
1590224391 51988
1590225239 51985
1590229091 51985
1590229303 51987
1590245328 52003
1590250782 52254
1590315747 52268
1590316061 52276
1590316401 52276
1590318296 52276
1590324418 52272
1590336891 52297
1590421438 52309
1590463951 52310
1590502897 52404
1590503038 52440
1590503104 52440
1590508877 52498
1590509060 52500
1590552803 52502
1590574711 52533
1590590197 52533
1590675602 52665
1590675820 52674
1590675977 52672
1590741680 52701
1590749875 52708
1590771605 52770
1590771654 52768
1590857967 52797
1590977158 52801
1590979550 52876
1590979616 53020
1590987732 53032
1590987772 53043
1591003281 53614
1591172959 54155
1591238261 54166
1591261255 54323
1591329636 54323
1591330892 54323
1591331324 54332
1591331573 54333
1591343067 54793
1591662215 54792
1591662796 55446
1591716092 55441
1591723455 55510
1591762050 55519
1591764158 55535
1591773592 55552
1591776966 55665
1591798398 55664
1591805611 55745
1591843868 55863
1591861462 55878
1591872865 55879
1591882485 55913
1591889399 55964
1591935021 55984
1591945521 56032
1591945997 56038
1591949258 56045
1591958293 56045
1592026651 56046
1592041974 56055
1592042332 56063
1592042437 56060
1592044008 56154
1592196859 56187
1592215911 57435
1592219179 57435
1592236505 57435
1592237739 57438
1592238533 57442
1592238643 57524
1592242172 57523
1592276129 58788
1592281650 59427
1592281676 59427
1592304815 59427
1592304828 58803
1592313259 58804
1592315962 58822
1592316101 58823
1592318877 58902
1592321666 58911
1592323554 58912
1592325925 58931
1592325952 58931
1592362377 58933
1592363125 58937
1592363926 59821
1592363983 59931
1592366765 59929
1592367020 59929
1592368031 59954
1592378000 59955
1592378015 59961
1592380050 59959
1592380062 60012
1592400051 60017
1592409763 59988
1592410088 59988
1592410390 59992
1592410751 59992
1592465017 60004
1592465035 60004
1592474762 60087
1592480065 60147
1592480083 60192
1592486003 60206
1592487211 60204
1592494983 60204
1592536126 60283
1592550299 60287
1592551237 60326
1592554515 60321
1592558308 60321
1592561272 60360
1592561402 60426
1592566182 60426
1592566190 60426
1592566804 60425
1592570378 60433
1592570916 60433
1592571455 60412
1592737715 60412
1592758031 60412
1592758205 60412
1592759907 60417
1592762806 60417
1592796682 60417
1592798527 60413
1592800120 60428
1592800532 60428
1592818491 60429
1592819527 60429
1592842206 60654
1592843024 60665
1592886324 60667
1592886395 60667
1592896504 60673
1592896517 60673
1592901323 60697
1592902300 60699
1592904138 60703
1592907549 60708
1592919486 60936
1592919496 60937
1592925031 61013
1592925883 61026
1592926353 61026
1592928539 61111
1592928673 61112
1592972442 61111
1592983655 61138
1592987244 61138
1592995052 61136
1593001350 61115
1593006190 61123
1593006316 61123
1593017801 61123
1593018964 61135
1593049476 61156
1593052992 61200
1593053514 61204
1593057368 61445
1593057586 61448
1593072458 61451
1593072570 61453
1593072965 61455
1593073238 61455
1593077781 61500
1593079545 61535
1593101513 61552
1593101553 61570
1593138649 61570
1593142071 61574
1593142817 61584
1593157995 61619
1593158006 61618
1593162741 61618
1593164978 61621
1593179459 61621
1593179666 61621
1593188455 61688
1593188709 61735
1593191855 61735
1593398314 61738
1593398933 61738
1593408671 61738
1593408768 61738
1593409470 61738
1593410175 61738
1593410344 61738
1593410638 61738
1593413920 61738
1593414451 61738
1593416333 61921
1593423744 61921
1593423756 61921
1593428904 61976
1593431712 61991
1593435991 62007
1593438177 62013
1593442896 62021
1593446568 62021
1593447331 62018
1593450161 62018
1593450258 62057
1593451644 62062
1593480958 62117
1593493569 62117
1593502515 62116
1593505379 62116
1593510743 62116
1593510889 62116
1593511046 62116
1593511224 62116
1593511398 62116
1593511480 62115
1593512424 62116
1593512508 62116
1593512529 62115
1593512671 62115
1593534244 62117
1593570674 62117
1593658771 62117
1593658787 62132
1593660052 62132
1593662371 62132
1593663211 62138
1593665464 62196
1593677934 62207
1593677949 62207
1593682194 62222
1593685645 62229
1593685982 62229
1593686528 62229
1593695038 62229
1593696988 62229
1593745162 62229
1593745490 62230
1593751357 62303
1593762366 62393
1593771392 62403
1593878755 62409
1593880206 62423
1593880300 62423
1593880940 62433
1593921989 62437
1593957223 62437
1593957232 62446
1593963037 62446
1593963058 62448
1593964440 62450
1593965577 62451
1594654407 62451
1594654456 62512
1594873625 62596
1594880963 63465
1594882316 63483
1594928586 63483
1594928688 63643
1595313210 63679
1595317808 63660
1595334944 63678
1595350860 65036
1595405872 65542
1595415684 65763
1595415690 65771
1595431495 65787
1595432243 65786
1595498269 65835
1595502555 65861
1595503090 65867
1595553016 66132
1595553271 66160
1595553691 66174
1595553804 66213
1595553891 66213
1595576888 66221
1595580078 66249
1595584222 66232
1595584283 66241
1595584295 66461
1595586613 66463
1595591574 66501
1595592848 66501
1595603469 66603
1595609988 66629
1595610782 66631
1595610979 66636
1595612382 66639
1595612826 66640
1595645797 66676
1595646713 66677
1595649082 66711
1595664861 66711
1595680947 66723
1595693276 66797
1595747484 66797
1595747520 66791
1595752455 66809
1595753307 66820
1595756970 66821
1595783104 66886
1595818239 66930
1595838848 66991
1595842685 66993
1595857452 67066
1595866583 67118
1595869687 67118
1595869939 67127
1595870666 67171
1595872756 67193
1595904008 67235
1595908419 67240
1595909954 67224
1595918990 67274
1595925007 67278
1595950153 67298
1595957259 67340
1595959487 67430
1595961702 67437
1595987388 67437
1595993569 67437
1596000770 67461
1596004312 67462
1596008274 67463
1596008287 67463
1596083874 68089
1596094398 68089
1596094819 68093
1596094925 68096
1596132748 68163
1596179773 68192
1596181344 68195
1596191156 69256
1596193934 69256
1596195387 69260
1596207205 69269
1596210755 69268
1596220488 69343
1596256836 69343
1596257213 69343
1596344394 69375
1596352274 69387
1596361754 69469
1596362499 69469
1596367733 69472
1596381734 69483
1596430234 69484
1596438433 69512
1596440248 69513
1596450710 69631
1596468475 69644
1596475749 69647
1596482777 69648
1596514146 69662
1596514480 69668
1596515924 69668
1596529607 69655
1596535217 69653
1596540069 69660
1596549684 69796
1596551223 69805
1596555255 69825
1596556773 69825
1596559661 69827
1596559988 69827
1596561516 69933
1596563277 69933
1596566295 69980
1596568809 69982
1596600578 69987
1596602435 69998
1596608723 70017
1596610778 70020
1596611807 70021
1596615328 70013
1596641825 70102
1596680780 70169
1596693720 70177
1596701636 70226
1596711394 70244
1596711769 70251
1596731525 70280
1596770192 70286
1596771952 70286
1596776500 70289
1596780704 70289
1596906924 70566
1597033144 70759
1597034452 70759
1597034930 70759
1597055327 70772
1597075796 70494
1597077140 70495
1597104896 70496
1597116959 70497
1597121858 70503
1597126128 70505
1597129322 70505
1597133665 70527
1597135888 70526
1597137648 70526
1597141937 70529
1597142611 70537
1597143940 70546
1597158298 70529
1597160521 70529
1597204662 70553
1597207898 70553
1597209757 70554
1597220752 70554
1597228649 70565
1597247581 70565
1597252092 70571
1597294522 70594
1597317303 70590
1597378039 70587
1597391379 70664
1597399112 70658
1597406617 70658
1597475207 70698
1597477090 70707
1597478742 70707
1597482746 70696
1597504419 70680
1597557191 70731
1597563097 70744
1597565419 70744
1597578745 70754
1597580972 70759
1597586331 70788
1597588936 70799
1597590232 70799
1597600148 71002
1597601561 71002
1597603630 71002
1597607264 71014
1597637861 71014
1597646828 71028
1597657800 71034
1597732451 70939
1597737057 70902
1597737522 70902
1597738018 70902
1597747121 70918
1597748999 70927
1597763620 70961
1597768621 71007
1597802986 71029
1597809468 71089
1597824024 71089
1597896608 71091
1597900303 71097
1597901623 71100
1597905655 71126
1597907403 71043
1597914748 71050
1597936832 71066
1597939590 71088
1597940356 71088
1597977846 71080
1597981355 71079
1597983927 71081
1597986013 71081
1597996348 71081
1597998200 71086
1598000274 71034
1598000591 71031
1598081960 71031
1598251987 71129
1598284242 71622
1598329109 71623
1598349471 71681
1598418182 71688
1598519459 72073
1598537603 72109
1598601456 72122
1598615200 72122
1598861031 72142
1598883775 72234
1598953515 72308
1599017456 72315
1599105893 72315
1599205882 72320
1599206540 72320
1599207175 72320
1599284774 72321
1599305082 72344
1599548931 72612
1599561805 72673
1599577038 72676
1599580584 72686
1599622816 72688
1599636376 72692
1599646219 73655
1599719958 73671
1599793475 73698
1599894818 73770
1600047308 74059
1600050637 74061
1600070740 74061
1600076051 74113
1600103851 74274
1600138929 74269
1600142436 74266
1600147663 74264
1600149979 74273
1600159942 74369
1600164470 74383
1600166939 74388
1600185233 74388
1600225652 74390
1600226900 74390
1600235684 74447
1600238699 74446
1600246750 74452
1600247444 74471
1600263318 74541
1600315365 74554
1600328576 74688
1600334997 74691
1600336524 74728
1600360706 74731
1600411862 74724
1600427064 74752
1600444079 74828
1600520145 74828
1600596661 74828
1600658409 74827
1600663000 74834
1600668537 74834
1600680278 74966
1600693884 74969
1600696121 74967
1600742800 74984
1600743296 74991
1600767768 75124
1600770533 75124
1600772511 75124
1600786581 75041
1600791789 75084
1600828948 75085
1600833379 75095
1600837553 75107
1600850951 75107
1600923090 75109
1600936463 75094
1600942556 75107
1600959639 75107
1600964202 75105
1601017603 75183
1601018067 75188
1601033164 75196
1601045820 75220
1601117456 75288
1601180326 75288
1601183438 75305
1601189973 75306
1601213937 75308
1601229364 75319
1601266480 75358
1601279604 75357
1601280710 75369
1601289743 75369
1601318653 75456
1601357644 75457
1601362605 75412
1601370420 75526
1601370908 75524
1601377349 75578
1601446795 75563
1601455307 75445
1601456133 75456
1601464973 75471
1601479117 75472
1601545821 75544
1601614944 75578
1601789277 75579
1602142054 75963
1602502723 76169
1602607608 76220
1602641341 76220
1602645418 76220
1602665637 76220
1602697200 76225
1602755885 76295
1602756741 76296
1602915163 76349
1602920441 76369
1603148906 76372
1603349355 76386
1603439195 76344
1603612265 76344
1603685240 76346
1603797825 76360
1603806737 76360
1603882318 76360
1604324314 76393
1604398800 76301
1604418319 76348
1604479635 76387
1604506681 76396
1604950847 76512
1605087068 76516
1605151344 76539
1605152561 76560
1605163770 77079
1605240465 77239
1605335339 77250
1605506182 77263
1605510222 77263
1605585112 77383
1605585822 77401
1605627416 77461
1605667770 77461
1605682932 77444
1605713365 77444
1605769371 77428
1605812325 77451
1605845515 77451
1605982594 77451
1606035532 77747
1606102503 77752
1606103221 77751
1606200418 77792
1606203541 77796
1606274877 77815
1606302750 77821
1606328157 77821
1606372471 77833
1606373967 77833
