1528340017 0 0 0 0 1 0 0 0 0 0
1528340799 1 0 0 0 1 0 0 0 0 0
1528650930 2 0 0 0 1 0 0 0 0 0
1528689035 3 0 0 0 1 0 0 0 0 0
1528707381 4 0 0 0 1 0 0 0 0 0
1528774406 5 0 0 0 1 0 0 0 0 0
1528969065 6 0 0 0 1 0 0 0 0 0
1529053640 7 0 0 0 1 0 0 0 0 0
1529348755 8 0 0 0 1 0 0 0 0 0
1529480026 9 0 0 0 1 0 0 0 0 0
1529491810 10 0 0 0 1 0 0 0 0 0
1529567079 11 0 0 0 1 0 0 0 0 0
1529575998 12 0 0 0 1 0 0 0 0 0
1529698317 13 0 0 0 1 0 0 0 0 0
1529774668 14 0 0 0 1 0 0 0 0 0
1529853509 15 0 0 0 1 0 0 0 0 0
1529902213 16 0 0 0 1 0 0 0 0 0
1529911502 17 0 0 0 1 0 0 0 0 0
1529920288 18 0 0 0 1 0 0 0 0 0
1530003610 19 0 0 0 1 0 0 0 0 0
1530064823 20 0 0 0 1 0 0 0 0 0
1530081348 21 0 0 0 1 0 0 0 0 0
1530587871 21 0 0 0 1 0 0 0 0 1
1530608847 22 0 0 0 1 0 0 0 0 1
1530608859 23 0 0 0 1 0 0 0 0 1
1530676769 24 0 0 0 1 0 0 0 0 1
1530787792 25 0 0 0 1 0 0 0 0 1
1530787816 26 0 0 0 1 0 0 0 0 1
1530812154 27 0 0 0 1 0 0 0 0 1
1531105395 28 0 0 0 1 0 0 0 0 1
1531645212 29 0 0 0 1 0 0 0 0 1
1531666303 30 0 0 0 1 0 0 0 0 1
1531666325 31 0 0 0 1 0 0 0 0 1
1531728392 32 0 0 0 1 0 0 0 0 1
1531878102 33 0 0 0 1 0 0 0 0 1
1531878222 34 0 0 0 1 0 0 0 0 1
1531878418 35 0 0 0 1 0 0 0 0 1
1531878977 36 0 0 0 1 0 0 0 0 1
1531973267 36 0 1 0 1 0 0 0 0 1
1531995403 37 0 1 0 1 0 0 0 0 1
1532006013 37 0 2 0 1 0 0 0 0 1
1532078935 38 0 2 0 1 0 0 0 0 1
1532101442 38 0 3 0 1 0 0 0 0 1
1532167316 39 0 3 0 1 0 0 0 0 1
1532234291 40 0 3 0 1 0 0 0 0 1
1532333873 41 0 3 0 1 0 0 0 0 1
1532336242 42 0 3 0 1 0 0 0 0 1
1532337660 43 0 3 0 1 0 0 0 0 1
1532400505 44 0 3 0 1 0 0 0 0 1
1532400570 45 0 3 0 1 0 0 0 0 1
1532406951 46 0 3 0 1 0 0 0 0 1
1532413818 46 0 3 0 1 0 1 0 0 1
1532430893 46 0 4 0 1 0 1 0 0 1
1532460162 47 0 4 0 1 0 1 0 0 1
1532460356 48 0 4 0 1 0 1 0 0 1
1532460377 49 0 4 0 1 0 1 0 0 1
1532460401 50 0 4 0 1 0 1 0 0 1
1532509228 50 0 5 0 1 0 1 0 0 1
1532572677 50 0 5 0 1 0 2 0 0 1
1532578367 50 0 6 0 1 0 2 0 0 1
1532605565 51 0 6 0 1 0 2 0 0 1
1532654741 52 0 6 0 1 0 2 0 0 1
1532654781 53 0 6 0 1 0 2 0 0 1
1532657736 53 0 7 0 1 0 2 0 0 1
1532684635 53 0 8 0 1 0 2 0 0 1
1533009461 53 0 8 0 1 0 3 0 0 1
1533034763 53 0 9 0 1 0 3 0 0 1
1533090745 53 0 10 0 1 0 3 0 0 1
1533098036 54 0 10 0 1 0 3 0 0 1
1533174224 55 0 10 0 1 0 3 0 0 1
1533204244 56 0 10 0 1 0 3 0 0 1
1533271842 57 0 10 0 1 0 3 0 0 1
1533284628 58 0 10 0 1 0 3 0 0 1
1533383965 59 0 10 0 1 0 3 0 0 1
1533401750 60 0 10 0 1 0 3 0 0 1
1533451843 61 0 10 0 1 0 3 0 0 1
1533530616 61 0 11 0 1 0 3 0 0 1
1533537020 61 0 11 0 1 0 4 0 0 1
1533538650 62 0 11 0 1 0 4 0 0 1
1533538790 62 0 11 0 1 0 5 0 0 1
1533540681 62 0 12 0 1 0 5 0 0 1
1533541897 62 0 12 1 1 0 5 0 0 1
1533544844 63 0 12 1 1 0 5 0 0 1
1533567123 63 0 13 1 1 0 5 0 0 1
1533568049 63 0 14 1 1 0 5 0 0 1
1533568099 63 0 15 1 1 0 5 0 0 1
1533569375 63 0 16 1 1 0 5 0 0 1
1533569765 64 0 16 1 1 0 5 0 0 1
1533607435 65 0 16 1 1 0 5 0 0 1
1533611092 66 0 16 1 1 0 5 0 0 1
1533619428 66 0 17 1 1 0 5 0 0 1
1533626196 66 0 18 1 1 0 5 0 0 1
1533634707 66 0 18 1 1 0 6 0 0 1
1533638292 66 0 18 1 1 0 7 0 0 1
1533639741 66 0 18 2 1 0 7 0 0 1
1533699737 66 0 18 2 1 0 8 0 0 1
1533700446 66 0 18 3 1 0 8 0 0 1
1533700453 66 0 18 4 1 0 8 0 0 1
1533703568 67 0 18 4 1 0 8 0 0 1
1533709484 67 0 18 5 1 0 8 0 0 1
1533710171 67 0 18 6 1 0 8 0 0 1
1533715802 67 0 18 6 1 0 9 0 0 1
1533725850 67 0 18 7 1 0 9 0 0 1
1533744032 68 0 18 7 1 0 9 0 0 1
1533870519 69 0 18 7 1 0 9 0 0 1
1533871051 69 0 19 7 1 0 9 0 0 1
1533986513 70 0 19 7 1 0 9 0 0 1
1534000369 71 0 19 7 1 0 9 0 0 1
1534161696 71 0 20 7 1 0 9 0 0 1
1534172935 71 0 21 7 1 0 9 0 0 1
1534180775 71 0 22 7 1 0 9 0 0 1
1534230719 71 0 23 7 1 0 9 0 0 1
1534244280 71 0 24 7 1 0 9 0 0 1
1534250307 72 0 24 7 1 0 9 0 0 1
1534265866 73 0 24 7 1 0 9 0 0 1
1534300938 73 0 25 7 1 0 9 0 0 1
1534308543 74 0 25 7 1 0 9 0 0 1
1534322251 75 0 25 7 1 0 9 0 0 1
1534382737 76 0 25 7 1 0 9 0 0 1
1534398025 77 0 25 7 1 0 9 0 0 1
1534398057 82 0 25 7 1 0 9 0 0 1
1534406081 84 0 25 7 1 0 9 0 0 1
1534407186 89 0 25 7 1 0 9 0 0 1
1534408791 90 0 25 7 1 0 9 0 0 1
1534413425 91 0 25 7 1 0 9 0 0 1
1534482731 92 0 25 7 1 0 9 0 0 1
1534529579 93 0 25 7 1 0 9 0 0 1
1534691328 94 0 25 7 1 0 9 0 0 1
1534761160 95 0 25 7 1 0 9 0 0 1
1534827771 96 0 25 7 1 0 9 0 0 1
1534847312 97 0 25 7 1 0 9 0 0 1
1534923955 98 0 25 7 1 0 9 0 0 1
1534925740 98 0 26 7 1 0 9 0 0 1
1534932739 99 0 26 7 1 0 9 0 0 1
1534934622 100 0 27 7 1 0 9 0 0 1
1534935345 100 0 28 7 1 0 9 0 0 1
1534988757 101 0 28 7 1 0 9 0 0 1
1534998413 101 0 29 7 1 0 9 0 0 1
1535001005 102 0 29 7 1 0 9 0 0 1
1535001028 103 0 29 7 1 0 9 0 0 1
1535006124 103 0 30 7 1 0 9 0 0 1
1535018261 104 0 30 7 1 0 9 0 0 1
1535104300 104 0 31 7 1 0 9 0 0 1
1535107288 104 0 32 7 1 0 9 0 0 1
1535444929 105 0 32 7 1 0 9 0 0 1
1535589499 106 0 33 7 1 0 9 0 0 1
1535701210 106 0 34 7 1 0 9 0 0 1
1535709552 107 0 34 7 1 0 9 0 0 1
1535940704 108 0 34 7 1 0 9 0 0 1
1536034912 108 0 35 7 1 0 9 0 0 1
1536063539 109 0 35 7 1 0 9 0 0 1
1536118083 109 0 35 7 1 0 10 0 0 1
1536120545 110 0 35 7 1 0 10 0 0 1
1536230497 110 0 36 7 1 0 10 0 0 1
1536287298 111 0 36 7 1 0 10 0 0 1
1536305607 111 0 36 7 1 0 11 0 0 1
1536387568 111 0 36 8 1 0 11 0 0 1
1536387806 111 0 36 9 1 0 11 0 0 1
1536387966 111 0 36 10 1 0 11 0 0 1
1536387976 111 0 36 11 1 0 11 0 0 1
1536546522 111 0 36 11 1 0 12 0 0 1
1536552948 111 0 36 11 1 0 13 0 0 1
1536629607 112 0 36 11 1 0 13 0 0 1
1536629661 113 0 36 11 1 0 13 0 0 1
1536629680 114 0 36 11 1 0 13 0 0 1
1536636977 114 0 37 11 1 0 13 0 0 1
1536637211 114 0 38 11 1 0 13 0 0 1
1536686208 114 0 39 11 1 0 13 0 0 1
1536686272 114 0 40 11 1 0 13 0 0 1
1536686399 114 0 41 11 1 0 13 0 0 1
1536717501 115 0 41 11 1 0 13 0 0 1
1536721638 116 0 41 11 1 0 13 0 0 1
1536809667 120 0 41 11 1 0 13 0 0 1
1536828857 127 0 41 11 1 0 13 0 0 1
1536831245 128 0 41 11 1 0 13 0 0 1
1536833811 129 0 41 11 1 0 13 0 0 1
1537004011 129 0 41 12 1 0 13 0 0 1
1537004029 129 0 41 13 1 0 13 0 0 1
1537328190 130 0 41 13 1 0 13 0 0 1
1537332052 130 0 41 14 1 0 13 0 0 1
1537332938 130 0 41 15 1 0 13 0 0 1
1537335101 130 0 41 16 1 0 13 0 0 1
1537418546 130 0 41 16 1 0 14 0 0 1
1537427822 130 0 42 16 1 0 14 0 0 1
1537429228 130 0 43 16 1 0 14 0 0 1
1537434133 130 0 44 16 1 0 14 0 0 1
1537527753 130 0 45 16 1 0 14 0 0 1
1537602640 131 0 45 16 1 0 14 0 0 1
1537602663 132 0 45 16 1 0 14 0 0 1
1537770373 132 0 45 16 1 0 15 0 0 1
1537782408 133 0 45 16 1 0 15 0 0 1
1537782986 134 0 45 16 1 0 15 0 0 1
1537844778 134 0 46 16 1 0 15 0 0 1
1537870315 134 0 47 16 1 0 15 0 0 1
1537935939 134 0 47 16 1 0 16 0 0 1
1538013688 135 0 47 16 1 0 16 0 0 1
1538385791 135 0 48 16 1 0 16 0 0 1
1538388468 136 0 48 16 1 0 16 0 0 1
1538469303 137 0 48 16 1 0 16 0 0 1
1538559259 137 0 49 16 1 0 16 0 0 1
1538570302 138 0 49 16 1 0 16 0 0 1
1538621687 138 0 49 17 1 0 16 0 0 1
1538621776 138 0 49 18 1 0 16 0 0 1
1538626035 138 0 50 18 1 0 16 0 0 1
1538630488 139 0 50 18 1 0 16 0 0 1
1538630911 140 0 50 18 1 0 16 0 0 1
1538632221 140 0 50 19 1 0 16 0 0 1
1538632226 140 0 50 20 1 0 16 0 0 1
1538633693 140 0 50 21 1 0 16 0 0 1
1538644797 140 0 51 21 1 0 16 0 0 1
1538647646 140 0 52 21 1 0 16 0 0 1
1538656400 141 0 52 21 1 0 16 0 0 1
1538736317 142 0 52 21 1 0 16 0 0 1
1538737080 142 0 53 21 1 0 16 0 0 1
1538739861 143 0 53 21 1 0 16 0 0 1
1538740252 143 0 54 21 1 0 16 0 0 1
1538744363 144 0 54 21 1 0 16 0 0 1
1538967746 145 0 54 21 1 0 16 0 0 1
1538968043 145 0 54 22 1 0 16 0 0 1
1538968070 145 0 54 23 1 0 16 0 0 1
1538968078 145 0 54 24 1 0 16 0 0 1
1538988149 146 0 54 24 1 0 16 0 0 1
1539069465 146 0 55 24 1 0 16 0 0 1
1539073942 147 0 55 24 1 0 16 0 0 1
1539155775 147 0 56 24 1 0 16 0 0 1
1539163802 147 0 57 24 1 0 16 0 0 1
1539180375 148 0 57 24 1 0 16 0 0 1
1539180404 149 0 57 24 1 0 16 0 0 1
1539239410 149 0 58 24 1 0 16 0 0 1
1539257707 150 0 58 24 1 0 16 0 0 1
1539257917 151 0 58 24 1 0 16 0 0 1
1539310160 151 0 58 25 1 0 16 0 0 1
1539310363 151 0 58 26 1 0 16 0 0 1
1539315606 152 0 58 26 1 0 16 0 0 1
1539324749 152 0 59 26 1 0 16 0 0 1
1539330496 153 0 59 26 1 0 16 0 0 1
1539333236 153 0 59 27 1 0 16 0 0 1
1539333250 153 0 59 28 1 0 16 0 0 1
1539337000 153 0 60 28 1 0 16 0 0 1
1539337792 153 0 60 29 1 0 16 0 0 1
1539337938 153 0 60 30 1 0 16 0 0 1
1539337991 153 0 60 31 1 0 16 0 0 1
1539582204 153 0 61 31 1 0 16 0 0 1
1539665129 153 0 62 31 1 0 16 0 0 1
1539665247 153 0 63 31 1 0 16 0 0 1
1539678317 153 0 64 31 1 0 16 0 0 1
1539686428 154 0 64 31 1 0 16 0 0 1
1539687180 154 0 65 31 1 0 16 0 0 1
1539855184 155 0 65 31 1 0 16 0 0 1
1540007485 155 0 65 32 1 0 16 0 0 1
1540007999 155 0 65 33 1 0 16 0 0 1
1540181998 155 0 66 33 1 0 16 0 0 1
1540273022 156 0 66 33 1 0 16 0 0 1
1540322089 157 0 66 33 1 0 16 0 0 1
1540346594 158 0 66 33 1 0 16 0 0 1
1540349702 159 0 66 33 1 0 16 0 0 1
1540361283 159 0 67 33 1 0 16 0 0 1
1540381359 160 0 67 33 1 0 16 0 0 1
1540381647 161 0 67 33 1 0 16 0 0 1
1540394081 162 0 67 33 1 0 16 0 0 1
1540432933 163 0 67 33 1 0 16 0 0 1
1540462109 164 0 67 33 1 0 16 0 0 1
1540548596 165 0 67 33 1 0 16 0 0 1
1540552287 166 0 67 33 1 0 16 0 0 1
1540554588 167 0 67 33 1 0 16 0 0 1
1540622980 167 0 67 34 1 0 16 0 0 1
1540622992 167 0 67 35 1 0 16 0 0 1
1540638593 168 0 67 35 1 0 16 0 0 1
1540695349 168 0 67 36 1 0 16 0 0 1
1540812091 168 0 68 36 1 0 16 0 0 1
1540959390 168 0 69 36 1 0 16 0 0 1
1540960695 168 0 70 36 1 0 16 0 0 1
1540976515 168 0 71 36 1 0 16 0 0 1
1540985134 168 0 72 36 1 0 16 0 0 1
1540993397 168 0 73 36 1 0 16 0 0 1
1541003824 168 0 74 36 1 0 16 0 0 1
1541013874 168 0 75 36 1 0 16 0 0 1
1541054038 168 0 76 36 1 0 16 0 0 1
1541061907 169 0 76 36 1 0 16 0 0 1
1541098286 169 0 77 36 1 0 16 0 0 1
1541098453 169 0 78 36 1 0 16 0 0 1
1541135879 170 0 78 36 1 0 16 0 0 1
1541144023 170 0 79 36 1 0 16 0 0 1
1541155265 171 0 79 36 1 0 16 0 0 1
1541233732 172 0 79 36 1 0 16 0 0 1
1541261657 172 0 80 36 1 0 16 0 0 1
1541262092 172 0 81 36 1 0 16 0 0 1
1541382367 173 0 81 36 1 0 16 0 0 1
1541392075 173 0 82 36 1 0 16 0 0 1
1541395320 173 0 82 37 1 0 16 0 0 1
1541395328 173 0 82 38 1 0 16 0 0 1
1541409483 174 0 82 38 1 0 16 0 0 1
1541416418 174 0 83 38 1 0 16 0 0 1
1541432205 175 0 83 38 1 0 16 0 0 1
1541656960 175 0 84 38 1 0 16 0 0 1
1541673609 175 0 85 38 1 0 16 0 0 1
1541678461 175 0 86 38 1 0 16 0 0 1
1541733872 176 0 86 38 1 0 16 0 0 1
1541751257 177 0 86 38 1 0 16 0 0 1
1541831616 178 0 86 38 1 0 16 0 0 1
1541842767 179 0 86 38 1 0 16 0 0 1
1541845003 180 0 86 38 1 0 16 0 0 1
1541845569 180 0 87 38 1 0 16 0 0 1
1541845620 180 0 88 38 1 0 16 0 0 1
1541847567 180 0 89 38 1 0 16 0 0 1
1541851176 181 0 89 38 1 0 16 0 0 1
1541866204 182 0 89 38 1 0 16 0 0 1
1541916622 182 0 90 38 1 0 16 0 0 1
1541921419 183 0 90 38 1 0 16 0 0 1
1541927110 183 0 91 38 1 0 16 0 0 1
1542020967 184 0 91 38 1 0 16 0 0 1
1542343386 185 0 91 38 1 0 16 0 0 1
1542538584 186 0 91 38 1 0 16 0 0 1
1542619389 186 0 92 38 1 0 16 0 0 1
1542688098 186 0 93 38 1 0 16 0 0 1
1542705632 187 0 93 38 1 0 16 0 0 1
1542711110 188 0 93 38 1 0 16 0 0 1
1542735249 189 0 93 38 1 0 16 0 0 1
1542764340 190 0 93 38 1 0 16 0 0 1
1542769166 191 0 93 38 1 0 16 0 0 1
1542770426 192 0 93 38 1 0 16 0 0 1
1542782298 192 0 94 38 1 0 16 0 0 1
1542783001 192 0 95 38 1 0 16 0 0 1
1542794363 193 0 95 38 1 0 16 0 0 1
1542864880 194 0 95 38 1 0 16 0 0 1
1542957153 194 0 96 38 1 0 16 0 0 1
1542958083 194 0 97 38 1 0 16 0 0 1
1542970053 195 0 97 38 1 0 16 0 0 1
1542974652 195 0 97 39 1 0 16 0 0 1
1543058081 196 0 97 39 1 0 16 0 0 1
1543059199 197 0 97 39 1 0 16 0 0 1
1543061482 198 0 97 39 1 0 16 0 0 1
1543402504 199 0 97 39 1 0 16 0 0 1
1543483340 199 0 98 39 1 0 16 0 0 1
1543486658 199 0 99 39 1 0 16 0 0 1
1543488995 199 0 100 39 1 0 16 0 0 1
1543548250 199 0 101 39 1 0 16 0 0 1
1543599034 199 0 102 39 1 0 16 0 0 1
1543601065 199 0 103 39 1 0 16 0 0 1
1543812093 199 0 104 39 1 0 16 0 0 1
1543827073 200 0 104 39 1 0 16 0 0 1
1543835602 200 0 105 39 1 0 16 0 0 1
1543848384 200 0 106 39 1 0 16 0 0 1
1543853245 201 0 106 39 1 0 16 0 0 1
1543931250 202 0 106 39 1 0 16 0 0 1
1543931628 203 0 106 39 1 0 16 0 0 1
1543932923 204 0 106 39 1 0 16 0 0 1
1543933572 205 0 106 39 1 0 16 0 0 1
1543939555 206 0 106 39 1 0 16 0 0 1
1543982951 207 0 106 39 1 0 16 0 0 1
1543985832 208 0 106 39 1 0 16 0 0 1
1544012335 209 0 106 39 1 0 16 0 0 1
1544022529 210 0 106 39 1 0 16 0 0 1
1544024263 211 0 106 39 1 0 16 0 0 1
1544068372 212 0 106 39 1 0 16 0 0 1
1544374112 213 0 106 39 1 0 16 0 0 1
1544414522 213 0 106 39 1 0 16 1 0 1
1544443914 214 0 106 39 1 0 16 1 0 1
1544520300 215 0 106 39 1 0 16 1 0 1
1544521048 216 0 106 39 1 0 16 1 0 1
1544521106 217 0 106 39 1 0 16 1 0 1
1544674688 218 0 106 39 1 0 16 1 0 1
1544676208 219 0 106 39 1 0 16 1 0 1
1544691101 220 0 106 39 1 0 16 1 0 1
1544697268 221 0 106 39 1 0 16 1 0 1
1544756526 222 0 106 39 1 0 16 1 0 1
1544773337 223 0 106 39 1 0 16 1 0 1
1544782300 224 0 106 39 1 0 16 1 0 1
1544934028 224 0 106 40 1 0 16 1 0 1
1544947903 224 0 107 40 1 0 16 1 0 1
1544979280 224 0 108 40 1 0 16 1 0 1
1544986153 224 0 109 40 1 0 16 1 0 1
1545039420 224 0 110 40 1 0 16 1 0 1
1545048560 225 0 110 40 1 0 16 1 0 1
1545081517 226 0 110 40 1 0 16 1 0 1
1545117407 227 0 110 40 1 0 16 1 0 1
1545406207 228 0 110 40 1 0 16 1 0 1
1545604753 229 0 110 40 1 0 16 1 0 1
1545605014 230 0 110 40 1 0 16 1 0 1
1545715471 231 0 110 40 1 0 16 1 0 1
1545726855 232 0 110 40 1 0 16 1 0 1
1545763928 233 0 110 40 1 0 16 1 0 1
1545817523 233 0 111 40 1 0 16 1 0 1
1545842483 234 0 111 40 1 0 16 1 0 1
1545911541 235 0 111 40 1 0 16 1 0 1
1546085888 236 0 111 40 1 0 16 1 0 1
1546336975 237 0 111 40 1 0 16 1 0 1
1546484293 238 0 111 40 1 0 16 1 0 1
1546533747 239 0 111 40 1 0 16 1 0 1
1546533811 240 0 111 40 1 0 16 1 0 1
1546589711 241 0 111 40 1 0 16 1 0 1
1546600771 242 0 111 40 1 0 16 1 0 1
1546619096 242 0 111 41 1 0 16 1 0 1
1546619132 242 0 111 42 1 0 16 1 0 1
1546620322 243 0 111 42 1 0 16 1 0 1
1546621667 244 0 111 42 1 0 16 1 0 1
1546621735 245 0 111 42 1 0 16 1 0 1
1546676982 246 0 111 42 1 0 16 1 0 1
1546779964 246 0 111 43 1 0 16 1 0 1
1546780134 246 0 111 44 1 0 16 1 0 1
1546781444 247 0 111 44 1 0 16 1 0 1
1546783723 247 0 112 44 1 0 16 1 0 1
1546858700 248 0 112 44 1 0 16 1 0 1
1546935274 248 0 112 45 1 0 16 1 0 1
1547017617 249 0 112 45 1 0 16 1 0 1
1547081150 249 0 112 45 1 0 16 1 1 1
1547083988 249 0 112 45 1 0 16 1 2 1
1547085617 249 0 112 45 1 0 16 1 3 1
1547085645 249 0 112 45 1 0 16 1 4 1
1547085798 249 0 112 45 2 0 16 1 4 1
1547202985 250 0 112 45 2 0 16 1 4 1
1547203073 251 0 112 45 2 0 16 1 4 1
1547203980 251 0 112 46 2 0 16 1 4 1
1547203986 251 0 112 47 2 0 16 1 4 1
1547399684 252 0 112 47 2 0 16 1 4 1
1547437965 253 0 112 47 2 0 16 1 4 1
1547459696 254 0 112 47 2 0 16 1 4 1
1547481164 255 0 112 47 2 0 16 1 4 1
1547486121 255 1 112 47 2 0 16 1 4 1
1547498346 256 1 112 47 2 0 16 1 4 1
1547523714 256 1 112 47 3 0 16 1 4 1
1547547051 257 1 112 47 3 0 16 1 4 1
1547567920 257 1 112 48 3 0 16 1 4 1
1547569417 258 1 112 48 3 0 16 1 4 1
1547571837 259 1 112 48 3 0 16 1 4 1
1547573026 260 1 112 48 3 0 16 1 4 1
1547614718 261 1 112 48 3 0 16 1 4 1
1547660964 262 1 112 48 3 0 16 1 4 1
1547703456 263 1 112 48 3 0 16 1 4 1
1547703486 264 1 112 48 3 0 16 1 4 1
1547706262 264 2 112 48 3 0 16 1 4 1
1547707654 264 2 112 48 4 0 16 1 4 1
1547709714 265 2 112 48 4 0 16 1 4 1
1547719032 266 2 112 48 4 0 16 1 4 1
1547721567 267 2 112 48 4 0 16 1 4 1
1547728773 267 2 112 49 4 0 16 1 4 1
1547732523 268 2 112 49 4 0 16 1 4 1
1547863065 269 2 112 49 4 0 16 1 4 1
1547923059 270 2 112 49 4 0 16 1 4 1
1547998729 271 2 112 49 4 0 16 1 4 1
1548006945 272 2 112 49 4 0 16 1 4 1
1548043738 273 2 112 49 4 0 16 1 4 1
1548095460 273 3 112 49 4 0 16 1 4 1
1548123405 274 3 112 49 4 0 16 1 4 1
1548140375 274 4 112 49 4 0 16 1 4 1
1548152049 275 4 112 49 4 0 16 1 4 1
1548152123 275 4 112 49 5 0 16 1 4 1
1548154102 275 4 112 49 6 0 16 1 4 1
1548166208 276 4 112 49 6 0 16 1 4 1
1548176942 277 4 112 49 6 0 16 1 4 1
1548211910 277 5 112 49 6 0 16 1 4 1
1548213628 277 6 112 49 6 0 16 1 4 1
1548225644 277 7 112 49 6 0 16 1 4 1
1548237761 277 8 112 49 6 0 16 1 4 1
1548246701 277 9 112 49 6 0 16 1 4 1
1548250918 278 9 112 49 6 0 16 1 4 1
1548251221 278 9 112 49 6 1 16 1 4 1
1548252008 278 9 112 50 6 1 16 1 4 1
1548310366 279 9 112 50 6 1 16 1 4 1
1548312088 279 10 112 50 6 1 16 1 4 1
1548344385 279 11 112 50 6 1 16 1 4 1
1548394500 280 11 112 50 6 1 16 1 4 1
1548405071 280 12 112 50 6 1 16 1 4 1
1548693810 281 12 112 50 6 1 16 1 4 1
1548833719 281 13 112 50 6 1 16 1 4 1
1548839085 282 13 112 50 6 1 16 1 4 1
1548902934 282 14 112 50 6 1 16 1 4 1
1549008165 283 14 112 50 6 1 16 1 4 1
1549016132 284 14 112 50 6 1 16 1 4 1
1549022879 285 14 112 50 6 1 16 1 4 1
1549032059 286 14 112 50 6 1 16 1 4 1
1549102611 287 14 112 50 6 1 16 1 4 1
1549129213 287 15 112 50 6 1 16 1 4 1
1549130462 287 16 112 50 6 1 16 1 4 1
1549130500 287 17 112 50 6 1 16 1 4 1
1549138840 287 18 112 50 6 1 16 1 4 1
1549165554 288 18 112 50 6 1 16 1 4 1
1549188684 289 18 112 50 6 1 16 1 4 1
1549196637 289 18 112 50 7 1 16 1 4 1
1549212695 290 18 112 50 7 1 16 1 4 1
1549251450 290 19 112 50 7 1 16 1 4 1
1549796838 290 20 112 50 7 1 16 1 4 1
1549821191 290 21 112 50 7 1 16 1 4 1
1549821216 290 22 112 50 7 1 16 1 4 1
1549868545 290 23 112 50 7 1 16 1 4 1
1549868787 290 24 112 50 7 1 16 1 4 1
1549885645 290 25 112 50 7 1 16 1 4 1
1549905943 290 26 112 50 7 1 16 1 4 1
1549910864 290 27 112 50 7 1 16 1 4 1
1549939673 291 27 112 50 7 1 16 1 4 1
1549955783 292 27 112 50 7 1 16 1 4 1
1549966867 292 28 112 50 7 1 16 1 4 1
1549971586 293 28 112 50 7 1 16 1 4 1
1550037248 294 28 112 50 7 1 16 1 4 1
1550040069 294 29 112 50 7 1 16 1 4 1
1550049547 294 30 112 50 7 1 16 1 4 1
1550049936 294 31 112 50 7 1 16 1 4 1
1550109587 295 31 112 50 7 1 16 1 4 1
1550113687 295 32 112 50 7 1 16 1 4 1
1550125168 295 33 112 50 7 1 16 1 4 1
1550131055 296 33 112 50 7 1 16 1 4 1
1550143050 296 34 112 50 7 1 16 1 4 1
1550157463 296 35 112 50 7 1 16 1 4 1
1550157565 296 36 112 50 7 1 16 1 4 1
1550196227 297 36 112 50 7 1 16 1 4 1
1550201844 297 36 112 50 7 2 16 1 4 1
1550213307 297 37 112 50 7 2 16 1 4 1
1550218869 297 38 112 50 7 2 16 1 4 1
1550459457 297 39 112 50 7 2 16 1 4 1
1550668133 297 40 112 50 7 2 16 1 4 1
1550718723 298 40 112 50 7 2 16 1 4 1
1550718947 299 40 112 50 7 2 16 1 4 1
1550823847 300 40 112 50 7 2 16 1 4 1
1550936637 301 40 112 50 7 2 16 1 4 1
1550944385 302 40 112 50 7 2 16 1 4 1
1551024078 303 40 112 50 7 2 16 1 4 1
1551058038 304 40 112 50 7 2 16 1 4 1
1551146772 305 40 112 50 7 2 16 1 4 1
1551147455 306 40 112 50 7 2 16 1 4 1
1551159427 306 41 112 50 7 2 16 1 4 1
1551166646 307 41 112 50 7 2 16 1 4 1
1551184944 307 42 112 50 7 2 16 1 4 1
1551192890 307 43 112 50 7 2 16 1 4 1
1551192935 307 44 112 50 7 2 16 1 4 1
1551241613 307 45 112 50 7 2 16 1 4 1
1551254956 307 46 112 50 7 2 16 1 4 1
1551262580 308 46 112 50 7 2 16 1 4 1
1551265146 308 47 112 50 7 2 16 1 4 1
1551326415 308 48 112 50 7 2 16 1 4 1
1551326487 308 49 112 50 7 2 16 1 4 1
1551340694 309 49 112 50 7 2 16 1 4 1
1551411836 310 49 112 50 7 2 16 1 4 1
1551418763 310 50 112 50 7 2 16 1 4 1
1551429131 310 50 112 50 8 2 16 1 4 1
1551435232 311 50 112 50 8 2 16 1 4 1
1551493195 312 50 112 50 8 2 16 1 4 1
1551523948 312 51 112 50 8 2 16 1 4 1
1551523987 312 52 112 50 8 2 16 1 4 1
1551593580 313 52 112 50 8 2 16 1 4 1
1551597203 313 53 112 50 8 2 16 1 4 1
1551601079 313 54 112 50 8 2 16 1 4 1
1551614645 314 54 112 50 8 2 16 1 4 1
1551680779 314 55 112 50 8 2 16 1 4 1
1551680830 314 56 112 50 8 2 16 1 4 1
1551683614 314 57 112 50 8 2 16 1 4 1
1551688463 315 57 112 50 8 2 16 1 4 1
1551688901 316 57 112 50 8 2 16 1 4 1
1551689226 317 57 112 50 8 2 16 1 4 1
1551692336 317 58 112 50 8 2 16 1 4 1
1551748824 318 58 112 50 8 2 16 1 4 1
1551756463 318 59 112 50 8 2 16 1 4 1
1551775088 318 60 112 50 8 2 16 1 4 1
1551776890 318 61 112 50 8 2 16 1 4 1
1551799284 318 62 112 50 8 2 16 1 4 1
1551839544 318 63 112 50 8 2 16 1 4 1
1551841348 318 64 112 50 8 2 16 1 4 1
1551841353 319 64 112 50 8 2 16 1 4 1
1551841574 320 64 112 50 8 2 16 1 4 1
1551862119 320 65 112 50 8 2 16 1 4 1
1551937546 321 65 112 50 8 2 16 1 4 1
1551947219 321 65 112 51 8 2 16 1 4 1
1551947398 321 65 112 52 8 2 16 1 4 1
1551962139 322 65 112 52 8 2 16 1 4 1
1552025086 323 65 112 52 8 2 16 1 4 1
1552031407 324 65 112 52 8 2 16 1 4 1
1552034540 325 65 112 52 8 2 16 1 4 1
1552069685 326 65 112 52 8 2 16 1 4 1
1552102624 327 65 112 52 8 2 16 1 4 1
1552117773 328 65 112 52 8 2 16 1 4 1
1552297804 329 65 112 52 8 2 16 1 4 1
1552356357 330 65 112 52 8 2 16 1 4 1
1552404651 331 65 112 52 8 2 16 1 4 1
1552475027 332 65 112 52 8 2 16 1 4 1
1552534246 333 65 112 52 8 2 16 1 4 1
1552536301 333 65 112 53 8 2 16 1 4 1
1552646251 334 65 112 53 8 2 16 1 4 1
1552698393 335 65 112 53 8 2 16 1 4 1
1552838876 336 65 112 53 8 2 16 1 4 1
1553075684 337 65 112 53 8 2 16 1 4 1
1553082616 337 66 112 53 8 2 16 1 4 1
1553131930 338 66 112 53 8 2 16 1 4 1
1553139382 338 67 112 53 8 2 16 1 4 1
1553148683 339 67 112 53 8 2 16 1 4 1
1553149416 339 67 112 53 9 2 16 1 4 1
1553151716 340 67 112 53 9 2 16 1 4 1
1553233219 340 68 112 53 9 2 16 1 4 1
1553247161 341 68 112 53 9 2 16 1 4 1
1553445413 342 68 112 53 9 2 16 1 4 1
1553617634 342 69 112 53 9 2 16 1 4 1
1553617889 342 70 112 53 9 2 16 1 4 1
1553618140 342 71 112 53 9 2 16 1 4 1
1553619631 342 72 112 53 9 2 16 1 4 1
1553654611 342 73 112 53 9 2 16 1 4 1
1553654784 342 74 112 53 9 2 16 1 4 1
1553655222 342 74 112 53 9 3 16 1 4 1
1553676979 343 74 112 53 9 3 16 1 4 1
1553677355 344 74 112 53 9 3 16 1 4 1
1553679917 345 74 112 53 9 3 16 1 4 1
1553692260 346 74 112 53 9 3 16 1 4 1
1553763301 347 74 112 53 9 3 16 1 4 1
1553765758 348 74 112 53 9 3 16 1 4 1
1553769789 348 75 112 53 9 3 16 1 4 1
1553770903 348 76 112 53 9 3 16 1 4 1
1553772712 348 77 112 53 9 3 16 1 4 1
1553825621 349 77 112 53 9 3 16 1 4 1
1553839763 350 77 112 53 9 3 16 1 4 1
1553843877 351 77 112 53 9 3 16 1 4 1
1553847245 351 78 112 53 9 3 16 1 4 1
1553934010 352 78 112 53 9 3 16 1 4 1
1553938860 353 78 112 53 9 3 16 1 4 1
1554001420 354 78 112 53 9 3 16 1 4 1
1554024669 355 78 112 53 9 3 16 1 4 1
1554087822 356 78 112 53 9 3 16 1 4 1
1554099992 357 78 112 53 9 3 16 1 4 1
1554100132 358 78 112 53 9 3 16 1 4 1
1554195972 359 78 112 53 9 3 16 1 4 1
1554198491 360 78 112 53 9 3 16 1 4 1
1554199772 360 79 112 53 9 3 16 1 4 1
1554204432 361 79 112 53 9 3 16 1 4 1
1554207968 362 79 112 53 9 3 16 1 4 1
1554218490 363 79 112 53 9 3 16 1 4 1
1554262402 364 79 112 53 9 3 16 1 4 1
1554265994 365 79 112 53 9 3 16 1 4 1
1554357954 366 79 112 53 9 3 16 1 4 1
1554361739 366 80 112 53 9 3 16 1 4 1
1554362703 367 80 112 53 9 3 16 1 4 1
1554362890 368 80 112 53 9 3 16 1 4 1
1554370923 369 80 112 53 9 3 16 1 4 1
1554384947 370 80 112 53 9 3 16 1 4 1
1554481252 371 80 112 53 9 3 16 1 4 1
1554537499 371 81 112 53 9 3 16 1 4 1
1554600342 372 81 112 53 9 3 16 1 4 1
1554610831 373 81 112 53 9 3 16 1 4 1
1554613580 374 81 112 53 9 3 16 1 4 1
1554621572 375 81 112 53 9 3 16 1 4 1
1554625605 376 81 112 53 9 3 16 1 4 1
1554626090 376 82 112 53 9 3 16 1 4 1
1554631775 376 83 112 53 9 3 16 1 4 1
1554636061 377 83 112 53 9 3 16 1 4 1
1554644666 378 83 112 53 9 3 16 1 4 1
1554647418 378 83 112 54 9 3 16 1 4 1
1554727735 379 83 112 54 9 3 16 1 4 1
1554774331 379 84 112 54 9 3 16 1 4 1
1554778858 379 85 112 54 9 3 16 1 4 1
1554779360 380 85 112 54 9 3 16 1 4 1
1554780458 380 86 112 54 9 3 16 1 4 1
1554780676 380 87 112 54 9 3 16 1 4 1
1554780986 380 87 112 54 10 3 16 1 4 1
1554781672 380 88 112 54 10 3 16 1 4 1
1554786342 381 88 112 54 10 3 16 1 4 1
1554791483 382 88 112 54 10 3 16 1 4 1
1554825287 382 89 112 54 10 3 16 1 4 1
1554873943 383 89 112 54 10 3 16 1 4 1
1554910627 383 90 112 54 10 3 16 1 4 1
1554938634 384 90 112 54 10 3 16 1 4 1
1554939788 385 90 112 54 10 3 16 1 4 1
1554950701 386 90 112 54 10 3 16 1 4 1
1554970401 387 90 112 54 10 3 16 1 4 1
1554971436 387 91 112 54 10 3 16 1 4 1
1555037606 387 91 112 55 10 3 16 1 4 1
1555038378 388 91 112 55 10 3 16 1 4 1
1555053383 388 92 112 55 10 3 16 1 4 1
1555059531 388 93 112 55 10 3 16 1 4 1
1555065502 389 93 112 55 10 3 16 1 4 1
1555065744 389 94 112 55 10 3 16 1 4 1
1555125234 389 95 112 55 10 3 16 1 4 1
1555127909 389 96 112 55 10 3 16 1 4 1
1555128605 389 97 112 55 10 3 16 1 4 1
1555339359 390 97 112 55 10 3 16 1 4 1
1555381185 391 97 112 55 10 3 16 1 4 1
1555389333 391 98 112 55 10 3 16 1 4 1
1555389790 391 99 112 55 10 3 16 1 4 1
1555389979 391 100 112 55 10 3 16 1 4 1
1555396801 391 101 112 55 10 3 16 1 4 1
1555397987 391 102 112 55 10 3 16 1 4 1
1555408459 392 102 112 55 10 3 16 1 4 1
1555497482 392 103 112 55 10 3 16 1 4 1
1555497532 392 104 112 55 10 3 16 1 4 1
1555498416 392 105 112 55 10 3 16 1 4 1
1555559536 392 106 112 55 10 3 16 1 4 1
1555578512 392 107 112 55 10 3 16 1 4 1
1555670562 392 108 112 55 10 3 16 1 4 1
1555670645 392 109 112 55 10 3 16 1 4 1
1555753621 392 110 112 55 10 3 16 1 4 1
1555757505 392 111 112 55 10 3 16 1 4 1
1555770178 393 111 112 55 10 3 16 1 4 1
1555842130 394 111 112 55 10 3 16 1 4 1
1555871561 395 111 112 55 10 3 16 1 4 1
1555916154 395 111 112 55 10 4 16 1 4 1
1555917483 395 112 112 55 10 4 16 1 4 1
1555918497 396 112 112 55 10 4 16 1 4 1
1555926901 397 112 112 55 10 4 16 1 4 1
1555953476 398 112 112 55 10 4 16 1 4 1
1556011159 399 112 112 55 10 4 16 1 4 1
1556011803 399 113 112 55 10 4 16 1 4 1
1556015829 400 113 112 55 10 4 16 1 4 1
1556072775 401 113 112 55 10 4 16 1 4 1
1556072973 402 113 112 55 10 4 16 1 4 1
1556075430 403 113 112 55 10 4 16 1 4 1
1556079613 403 113 112 55 11 4 16 1 4 1
1556085716 404 113 112 55 11 4 16 1 4 1
1556090008 404 114 112 55 11 4 16 1 4 1
1556243960 405 114 112 55 11 4 16 1 4 1
1556251962 405 115 112 55 11 4 16 1 4 1
1556254068 405 116 112 55 11 4 16 1 4 1
1556262604 405 117 112 55 11 4 16 1 4 1
1556265013 405 118 112 55 11 4 16 1 4 1
1556267023 405 119 112 55 11 4 16 1 4 1
1556270059 406 119 112 55 11 4 16 1 4 1
1556272133 406 120 112 55 11 4 16 1 4 1
1556274309 406 121 112 55 11 4 16 1 4 1
1556384240 407 121 112 55 11 4 16 1 4 1
1556426572 408 121 112 55 11 4 16 1 4 1
1556430165 409 121 112 55 11 4 16 1 4 1
1556467555 410 121 112 55 11 4 16 1 4 1
1556529432 410 122 112 55 11 4 16 1 4 1
1556533260 411 122 112 55 11 4 16 1 4 1
1556642278 412 122 112 55 11 4 16 1 4 1
1556726325 413 122 112 55 11 4 16 1 4 1
1556726974 414 122 112 55 11 4 16 1 4 1
1556764369 415 122 112 55 11 4 16 1 4 1
1556764410 415 122 112 55 12 4 16 1 4 1
1556815102 415 123 112 55 12 4 16 1 4 1
1556937052 416 123 112 55 12 4 16 1 4 1
1557107759 417 123 112 55 12 4 16 1 4 1
1557131611 418 123 112 55 12 4 16 1 4 1
1557290276 418 124 112 55 12 4 16 1 4 1
1557290303 418 125 112 55 12 4 16 1 4 1
1557290339 418 126 112 55 12 4 16 1 4 1
1557292144 418 127 112 55 12 4 16 1 4 1
1557318443 419 127 112 55 12 4 16 1 4 1
1557384656 419 128 112 55 12 4 16 1 4 1
1557387822 419 129 112 55 12 4 16 1 4 1
1557388633 419 130 112 55 12 4 16 1 4 1
1557389193 419 131 112 55 12 4 16 1 4 1
1557465364 419 132 112 55 12 4 16 1 4 1
1557465742 419 133 112 55 12 4 16 1 4 1
1557480923 419 134 112 55 12 4 16 1 4 1
1557483893 420 134 112 55 12 4 16 1 4 1
1557483948 420 135 112 55 12 4 16 1 4 1
1557666948 421 135 112 55 12 4 16 1 4 1
1557679187 422 135 112 55 12 4 16 1 4 1
1557680434 422 135 112 55 13 4 16 1 4 1
1557717019 422 136 112 55 13 4 16 1 4 1
1557728627 422 137 112 55 13 4 16 1 4 1
1557734779 422 138 112 55 13 4 16 1 4 1
1557735729 423 138 112 55 13 4 16 1 4 1
1557736028 423 138 112 55 14 4 16 1 4 1
1557745056 423 139 112 55 14 4 16 1 4 1
1557808825 424 139 112 55 14 4 16 1 4 1
1557808954 425 139 112 55 14 4 16 1 4 1
1557812480 425 140 112 55 14 4 16 1 4 1
1557812532 425 141 112 55 14 4 16 1 4 1
1557812570 425 142 112 55 14 4 16 1 4 1
1557825279 426 142 112 55 14 4 16 1 4 1
1557895698 426 143 112 55 14 4 16 1 4 1
1557895737 426 144 112 55 14 4 16 1 4 1
1557896514 426 145 112 55 14 4 16 1 4 1
1557896545 426 146 112 55 14 4 16 1 4 1
1557897454 426 147 112 55 14 4 16 1 4 1
1557906982 426 148 112 55 14 4 16 1 4 1
1557907057 426 149 112 55 14 4 16 1 4 1
1557922519 427 149 112 55 14 4 16 1 4 1
1557922605 427 149 112 55 15 4 16 1 4 1
1557981837 427 150 112 55 15 4 16 1 4 1
1557981883 427 151 112 55 15 4 16 1 4 1
1557982203 427 152 112 55 15 4 16 1 4 1
1557999139 427 153 112 55 15 4 16 1 4 1
1557999393 427 154 112 55 15 4 16 1 4 1
1557999859 427 155 112 55 15 4 16 1 4 1
1558001879 428 155 112 55 15 4 16 1 4 1
1558003501 429 155 112 55 15 4 16 1 4 1
1558004162 430 155 112 55 15 4 16 1 4 1
1558005506 431 155 112 55 15 4 16 1 4 1
1558068032 432 155 112 55 15 4 16 1 4 1
1558143036 432 156 112 55 15 4 16 1 4 1
1558153802 432 157 112 55 15 4 16 1 4 1
1558165864 433 157 112 55 15 4 16 1 4 1
1558167999 434 157 112 55 15 4 16 1 4 1
1558169012 434 157 112 55 16 4 16 1 4 1
1558176214 434 158 112 55 16 4 16 1 4 1
1558196435 434 159 112 55 16 4 16 1 4 1
1558200602 435 159 112 55 16 4 16 1 4 1
1558243565 436 159 112 55 16 4 16 1 4 1
1558246071 436 159 112 55 17 4 16 1 4 1
1558431521 436 160 112 55 17 4 16 1 4 1
1558431941 436 161 112 55 17 4 16 1 4 1
1558432361 436 162 112 55 17 4 16 1 4 1
1558501774 437 162 112 55 17 4 16 1 4 1
1558511674 437 163 112 55 17 4 16 1 4 1
1558540408 438 163 112 55 17 4 16 1 4 1
1558596567 438 164 112 55 17 4 16 1 4 1
1558600748 438 164 112 55 17 5 16 1 4 1
1558604262 438 164 112 55 18 5 16 1 4 1
1558673728 439 164 112 55 18 5 16 1 4 1
1558693041 440 164 112 55 18 5 16 1 4 1
1559201797 441 164 112 55 18 5 16 1 4 1
1559269485 442 164 112 55 18 5 16 1 4 1
1559647099 443 164 112 55 18 5 16 1 4 1
1559698345 444 164 112 55 18 5 16 1 4 1
1559735823 445 164 112 55 18 5 16 1 4 1
1559814438 446 164 112 55 18 5 16 1 4 1
1559887882 447 164 112 55 18 5 16 1 4 1
1559888188 447 164 112 55 19 5 16 1 4 1
1559900229 447 165 112 55 19 5 16 1 4 1
1560142672 447 166 112 55 19 5 16 1 4 1
1560151747 447 167 112 55 19 5 16 1 4 1
1560251985 448 167 112 55 19 5 16 1 4 1
1560271344 448 167 112 55 20 5 16 1 4 1
1560282261 448 167 112 56 20 5 16 1 4 1
1560330872 449 167 112 56 20 5 16 1 4 1
1560331741 450 167 112 56 20 5 16 1 4 1
1560331846 450 167 112 56 21 5 16 1 4 1
1560371329 450 167 112 57 21 5 16 1 4 1
1560391621 451 167 112 57 21 5 16 1 4 1
1560391723 452 167 112 57 21 5 16 1 4 1
1560394956 453 167 112 57 21 5 16 1 4 1
1560483408 454 167 112 57 21 5 16 1 4 1
1560496048 455 167 112 57 21 5 16 1 4 1
1560498292 456 167 112 57 21 5 16 1 4 1
1560506181 456 168 112 57 21 5 16 1 4 1
1560518371 456 168 112 57 22 5 16 1 4 1
1560794514 457 168 112 57 22 5 16 1 4 1
1560878117 458 168 112 57 22 5 16 1 4 1
1560918503 459 168 112 57 22 5 16 1 4 1
1560927666 459 169 112 57 22 5 16 1 4 1
1560927915 460 169 112 57 22 5 16 1 4 1
1560936685 460 170 112 57 22 5 16 1 4 1
1560941537 460 171 112 57 22 5 16 1 4 1
1560941935 461 171 112 57 22 5 16 1 4 1
1561003697 461 172 112 57 22 5 16 1 4 1
1561037341 462 172 112 57 22 5 16 1 4 1
1561038011 463 172 112 57 22 5 16 1 4 1
1561053328 464 172 112 57 22 5 16 1 4 1
1561053586 464 172 112 57 23 5 16 1 4 1
1561089091 464 173 112 57 23 5 16 1 4 1
1561089175 464 174 112 57 23 5 16 1 4 1
1561090386 464 174 112 57 24 5 16 1 4 1
1561340909 465 174 112 57 24 5 16 1 4 1
1561357174 466 174 112 57 24 5 16 1 4 1
1561370260 467 174 112 57 24 5 16 1 4 1
1561448164 467 175 112 57 24 5 16 1 4 1
1561449246 467 176 112 57 24 5 16 1 4 1
1561449379 467 177 112 57 24 5 16 1 4 1
1561449582 467 178 112 57 24 5 16 1 4 1
1561449836 467 179 112 57 24 5 16 1 4 1
1561450111 467 180 112 57 24 5 16 1 4 1
1561450242 467 181 112 57 24 5 16 1 4 1
1561469439 467 182 112 57 24 5 16 1 4 1
1561608263 467 183 112 57 24 5 16 1 4 1
1561634401 468 183 112 57 24 5 16 1 4 1
1561635371 468 184 112 57 24 5 16 1 4 1
1561636710 468 185 112 57 24 5 16 1 4 1
1561636873 468 186 112 57 24 5 16 1 4 1
1561707770 469 186 112 57 24 5 16 1 4 1
1561717292 470 186 112 57 24 5 16 1 4 1
1561969290 470 187 112 57 24 5 16 1 4 1
1561973580 470 188 112 57 24 5 16 1 4 1
1562042558 470 189 112 57 24 5 16 1 4 1
1562051669 470 190 112 57 24 5 16 1 4 1
1562143480 471 190 112 57 24 5 16 1 4 1
1562150335 472 190 112 57 24 5 16 1 4 1
1562151968 472 191 112 57 24 5 16 1 4 1
1562217773 472 192 112 57 24 5 16 1 4 1
1562221624 472 193 112 57 24 5 16 1 4 1
1562228727 473 193 112 57 24 5 16 1 4 1
1562247851 474 193 112 57 24 5 16 1 4 1
1562301379 475 193 112 57 24 5 16 1 4 1
1562313284 476 193 112 57 24 5 16 1 4 1
1562313351 476 193 112 57 25 5 16 1 4 1
1562313660 477 193 112 57 25 5 16 1 4 1
1562313740 477 193 112 57 26 5 16 1 4 1
1562318400 477 194 112 57 26 5 16 1 4 1
1562318914 478 194 112 57 26 5 16 1 4 1
1562321171 478 195 112 57 26 5 16 1 4 1
1562321754 478 196 112 57 26 5 16 1 4 1
1562321847 478 197 112 57 26 5 16 1 4 1
1562326123 478 198 112 57 26 5 16 1 4 1
1562326340 478 199 112 57 26 5 16 1 4 1
1562327152 478 200 112 57 26 5 16 1 4 1
1562331872 478 200 112 57 27 5 16 1 4 1
1562390053 478 200 112 58 27 5 16 1 4 1
1562391381 478 200 112 59 27 5 16 1 4 1
1562398556 479 200 112 59 27 5 16 1 4 1
1562408649 480 200 112 59 27 5 16 1 4 1
1562498437 481 200 112 59 27 5 16 1 4 1
1562599553 481 201 112 59 27 5 16 1 4 1
1562600148 481 202 112 59 27 5 16 1 4 1
1562603694 481 203 112 59 27 5 16 1 4 1
1562604951 482 203 112 59 27 5 16 1 4 1
1562607601 482 204 112 59 27 5 16 1 4 1
1562641350 482 205 112 59 27 5 16 1 4 1
1562643666 483 205 112 59 27 5 16 1 4 1
1562647065 483 206 112 59 27 5 16 1 4 1
1562651643 484 206 112 59 27 5 16 1 4 1
1562695988 485 206 112 59 27 5 16 1 4 1
1562726393 485 207 112 59 27 5 16 1 4 1
1562727579 485 208 112 59 27 5 16 1 4 1
1562731819 485 208 112 59 27 6 16 1 4 1
1562753180 485 209 112 59 27 6 16 1 4 1
1562838912 486 209 112 59 27 6 16 1 4 1
1562843129 486 209 112 59 28 6 16 1 4 1
1562918549 487 209 112 59 28 6 16 1 4 1
1562926215 487 210 112 59 28 6 16 1 4 1
1562927922 488 210 112 59 28 6 16 1 4 1
1562928732 488 211 112 59 28 6 16 1 4 1
1563007729 489 211 112 59 28 6 16 1 4 1
1563079542 490 211 112 59 28 6 16 1 4 1
1563083470 491 211 112 59 28 6 16 1 4 1
1563085295 492 211 112 59 28 6 16 1 4 1
1563249400 492 212 112 59 28 6 16 1 4 1
1563343413 492 213 112 59 28 6 16 1 4 1
1563351948 493 213 112 59 28 6 16 1 4 1
1563353125 493 213 112 59 29 6 16 1 4 1
1563362546 493 214 112 59 29 6 16 1 4 1
1563364005 493 215 112 59 29 6 16 1 4 1
1563420855 493 216 112 59 29 6 16 1 4 1
1563515136 494 216 112 59 29 6 16 1 4 1
1563516092 494 216 112 59 30 6 16 1 4 1
1563784108 495 216 112 59 30 6 16 1 4 1
1563790106 496 216 112 59 30 6 16 1 4 1
1563818491 497 216 112 59 30 6 16 1 4 1
1563846740 497 217 112 59 30 6 16 1 4 1
1563849394 497 218 112 59 30 6 16 1 4 1
1564040397 497 219 112 59 30 6 16 1 4 1
1564048714 497 220 112 59 30 6 16 1 4 1
1564050662 498 220 112 59 30 6 16 1 4 1
1564476156 499 220 112 59 30 6 16 1 4 1
1564476385 500 220 112 59 30 6 16 1 4 1
1564481755 501 220 112 59 30 6 16 1 4 1
1564630568 502 220 112 59 30 6 16 1 4 1
1564630629 503 220 112 59 30 6 16 1 4 1
1564631754 503 220 112 59 31 6 16 1 4 1
1564632042 504 220 112 59 31 6 16 1 4 1
1564632195 504 220 112 59 32 6 16 1 4 1
1564633660 504 221 112 59 32 6 16 1 4 1
1564816486 505 221 112 59 32 6 16 1 4 1
1564820332 506 221 112 59 32 6 16 1 4 1
1564997752 506 222 112 59 32 6 16 1 4 1
1565057151 507 222 112 59 32 6 16 1 4 1
1565062099 507 223 112 59 32 6 16 1 4 1
1565062278 507 224 112 59 32 6 16 1 4 1
1565062486 507 225 112 59 32 6 16 1 4 1
1565067390 507 225 112 59 33 6 16 1 4 1
1565147065 507 226 112 59 33 6 16 1 4 1
1565236443 507 227 112 59 33 6 16 1 4 1
1565241451 507 228 112 59 33 6 16 1 4 1
1565245700 508 228 112 59 33 6 16 1 4 1
1565260984 509 228 112 59 33 6 16 1 4 1
1565265154 509 229 112 59 33 6 16 1 4 1
1565335285 509 230 112 59 33 6 16 1 4 1
1565335333 509 231 112 59 33 6 16 1 4 1
1565337974 510 231 112 59 33 6 16 1 4 1
1565339530 510 232 112 59 33 6 16 1 4 1
1565344131 511 232 112 59 33 6 16 1 4 1
1565361562 511 233 112 59 33 6 16 1 4 1
1565544702 512 233 112 59 33 6 16 1 4 1
1565581022 512 233 112 59 34 6 16 1 4 1
1565581738 513 233 112 59 34 6 16 1 4 1
1565592477 513 234 112 59 34 6 16 1 4 1
1565608194 514 234 112 59 34 6 16 1 4 1
1565682254 515 234 112 59 34 6 16 1 4 1
1565682307 516 234 112 59 34 6 16 1 4 1
1565759406 517 234 112 59 34 6 16 1 4 1
1565837325 518 234 112 59 34 6 16 1 4 1
1565863047 519 234 112 59 34 6 16 1 4 1
1565867448 520 234 112 59 34 6 16 1 4 1
1565868765 521 234 112 59 34 6 16 1 4 1
1566030210 522 234 112 59 34 6 16 1 4 1
1566352951 523 234 112 59 34 6 16 1 4 1
1566355169 523 234 112 59 35 6 16 1 4 1
1566449495 524 234 112 59 35 6 16 1 4 1
1566549890 525 234 112 59 35 6 16 1 4 1
1566645420 526 234 112 59 35 6 16 1 4 1
1566787238 527 234 112 59 35 6 16 1 4 1
1566894689 528 234 112 59 35 6 16 1 4 1
1567013486 529 234 112 59 35 6 16 1 4 1
1567070866 529 235 112 59 35 6 16 1 4 1
1567163631 530 235 112 59 35 6 16 1 4 1
1567165425 531 235 112 59 35 6 16 1 4 1
1567479840 532 235 112 59 35 6 16 1 4 1
1567503741 532 236 112 59 35 6 16 1 4 1
1567514688 532 237 112 59 35 6 16 1 4 1
1567585498 532 238 112 59 35 6 16 1 4 1
1567585907 533 238 112 59 35 6 16 1 4 1
1567585957 534 238 112 59 35 6 16 1 4 1
1567682860 535 238 112 59 35 6 16 1 4 1
1567990689 536 238 112 59 35 6 16 1 4 1
1568046741 537 238 112 59 35 6 16 1 4 1
1568109269 538 238 112 59 35 6 16 1 4 1
1568604295 539 238 112 59 35 6 16 1 4 1
1568965569 540 238 112 59 35 6 16 1 4 1
1568965608 541 238 112 59 35 6 16 1 4 1
1568970271 542 238 112 59 35 6 16 1 4 1
1569207309 543 238 112 59 35 6 16 1 4 1
1569233252 544 238 112 59 35 6 16 1 4 1
1569234549 545 238 112 59 35 6 16 1 4 1
1569385468 545 239 112 59 35 6 16 1 4 1
1569385583 545 240 112 59 35 6 16 1 4 1
1569578383 546 240 112 59 35 6 16 1 4 1
1569587405 546 241 112 59 35 6 16 1 4 1
1569588261 546 241 112 59 35 7 16 1 4 1
1569638118 547 241 112 59 35 7 16 1 4 1
1569644349 548 241 112 59 35 7 16 1 4 1
1569659969 549 241 112 59 35 7 16 1 4 1
1569814046 550 241 112 59 35 7 16 1 4 1
1570263823 550 242 112 59 35 7 16 1 4 1
1570332143 550 243 112 59 35 7 16 1 4 1
1570432666 551 243 112 59 35 7 16 1 4 1
1570435606 552 243 112 59 35 7 16 1 4 1
1570700312 553 243 112 59 35 7 16 1 4 1
1570706437 554 243 112 59 35 7 16 1 4 1
1570707026 555 243 112 59 35 7 16 1 4 1
1570791621 555 244 112 59 35 7 16 1 4 1
1570791704 555 245 112 59 35 7 16 1 4 1
1570968135 555 246 112 59 35 7 16 1 4 1
1571218553 555 247 112 59 35 7 16 1 4 1
1571222948 556 247 112 59 35 7 16 1 4 1
1571227497 556 248 112 59 35 7 16 1 4 1
1571285782 556 249 112 59 35 7 16 1 4 1
1571286066 556 249 112 59 35 8 16 1 4 1
1571288103 556 250 112 59 35 8 16 1 4 1
1571588604 556 251 112 59 35 8 16 1 4 1
1571715486 556 251 112 59 35 9 16 1 4 1
1571717083 556 252 112 59 35 9 16 1 4 1
1571803733 556 253 112 59 35 9 16 1 4 1
1571805408 556 254 112 59 35 9 16 1 4 1
1571809587 556 255 112 59 35 9 16 1 4 1
1571819828 556 256 112 59 35 9 16 1 4 1
1571914088 556 257 112 59 35 9 16 1 4 1
1571914397 556 257 112 59 35 10 16 1 4 1
1572493773 557 257 112 59 35 10 16 1 4 1
1572509615 558 257 112 59 35 10 16 1 4 1
1572582742 559 257 112 59 35 10 16 1 4 1
1572591116 559 258 112 59 35 10 16 1 4 1
1572627128 560 258 112 59 35 10 16 1 4 1
1572764243 561 258 112 59 35 10 16 1 4 1
1572776889 562 258 112 59 35 10 16 1 4 1
1572833828 562 259 112 59 35 10 16 1 4 1
1572838926 563 259 112 59 35 10 16 1 4 1
1572842399 563 260 112 59 35 10 16 1 4 1
1572842662 564 260 112 59 35 10 16 1 4 1
1572848269 564 261 112 59 35 10 16 1 4 1
1572857537 564 262 112 59 35 10 16 1 4 1
1572865918 565 262 112 59 35 10 16 1 4 1
1573027537 566 262 112 59 35 10 16 1 4 1
1573121232 567 262 112 59 35 10 16 1 4 1
1573185571 568 262 112 59 35 10 16 1 4 1
1573720038 569 262 112 59 35 10 16 1 4 1
1573756694 570 262 112 59 35 10 16 1 4 1
1573758250 571 262 112 59 35 10 16 1 4 1
1573792506 572 262 112 59 35 10 16 1 4 1
1573795898 573 262 112 59 35 10 16 1 4 1
1573818034 574 262 112 59 35 10 16 1 4 1
1573820518 575 262 112 59 35 10 16 1 4 1
1573822905 576 262 112 59 35 10 16 1 4 1
1573897355 577 262 112 59 35 10 16 1 4 1
1573950856 578 262 112 59 35 10 16 1 4 1
1573980788 579 262 112 59 35 10 16 1 4 1
1574045821 580 262 112 59 35 10 16 1 4 1
1574240123 581 262 112 59 35 10 16 1 4 1
1574415329 581 263 112 59 35 10 16 1 4 1
1574416758 581 263 112 59 35 11 16 1 4 1
1574417138 581 264 112 59 35 11 16 1 4 1
1574850476 581 265 112 59 35 11 16 1 4 1
1574922865 581 266 112 59 35 11 16 1 4 1
1574925909 582 266 112 59 35 11 16 1 4 1
1574925931 583 266 112 59 35 11 16 1 4 1
1574929524 584 266 112 59 35 11 16 1 4 1
1574930369 584 266 112 59 36 11 16 1 4 1
1574934443 585 266 112 59 36 11 16 1 4 1
1575023926 586 266 112 59 36 11 16 1 4 1
1575112132 586 267 112 59 36 11 16 1 4 1
1575190005 586 268 112 59 36 11 16 1 4 1
1575252880 586 268 112 59 36 12 16 1 4 1
1575359166 587 268 112 59 36 12 16 1 4 1
1575433259 587 269 112 59 36 12 16 1 4 1
1575532143 588 269 112 59 36 12 16 1 4 1
1575535927 589 269 112 59 36 12 16 1 4 1
1575624094 589 270 112 59 36 12 16 1 4 1
1575948301 590 270 112 59 36 12 16 1 4 1
1577099147 590 271 112 59 36 12 16 1 4 1
1577099204 590 272 112 59 36 12 16 1 4 1
1577328568 591 272 112 59 36 12 16 1 4 1
1577350726 591 273 112 59 36 12 16 1 4 1
1577353999 591 274 112 59 36 12 16 1 4 1
1577446469 591 275 112 59 36 12 16 1 4 1
1577446493 591 276 112 59 36 12 16 1 4 1
1577704079 591 277 112 59 36 12 16 1 4 1
1577704099 591 278 112 59 36 12 16 1 4 1
1577790246 591 279 112 59 36 12 16 1 4 1
1577793477 591 280 112 59 36 12 16 1 4 1
1577880008 591 281 112 59 36 12 16 1 4 1
1577963670 591 282 112 59 36 12 16 1 4 1
1578034001 591 283 112 59 36 12 16 1 4 1
1578055779 591 283 112 59 36 13 16 1 4 1
1578066647 592 283 112 59 36 13 16 1 4 1
1578889475 593 283 112 59 36 13 16 1 4 1
1578900146 594 283 112 59 36 13 16 1 4 1
1579106316 594 283 112 59 36 13 16 2 4 1
1579106407 594 283 112 59 36 13 16 3 4 1
1579758060 595 283 112 59 36 13 16 3 4 1
1581387460 596 283 112 59 36 13 16 3 4 1
1581394098 597 283 112 59 36 13 16 3 4 1
1581588987 598 283 112 59 36 13 16 3 4 1
1582046907 599 283 112 59 36 13 16 3 4 1
1583325129 600 283 112 59 36 13 16 3 4 1
1583772350 601 283 112 59 36 13 16 3 4 1
1583811853 602 283 112 59 36 13 16 3 4 1
1583987534 603 283 112 59 36 13 16 3 4 1
1583987892 604 283 112 59 36 13 16 3 4 1
1584085185 605 283 112 59 36 13 16 3 4 1
1584433357 606 283 112 59 36 13 16 3 4 1
1584613825 607 283 112 59 36 13 16 3 4 1
1584668191 608 283 112 59 36 13 16 3 4 1
1584944990 609 283 112 59 36 13 16 3 4 1
1584978630 610 283 112 59 36 13 16 3 4 1
1584979988 610 284 112 59 36 13 16 3 4 1
1584979996 610 285 112 59 36 13 16 3 4 1
1585025590 610 286 112 59 36 13 16 3 4 1
1585032656 610 287 112 59 36 13 16 3 4 1
1585033024 610 288 112 59 36 13 16 3 4 1
1585039230 610 289 112 59 36 13 16 3 4 1
1585062876 611 289 112 59 36 13 16 3 4 1
1585062906 612 289 112 59 36 13 16 3 4 1
1585069439 612 290 112 59 36 13 16 3 4 1
1585069449 612 291 112 59 36 13 16 3 4 1
1585103167 613 291 112 59 36 13 16 3 4 1
1585125128 613 292 112 59 36 13 16 3 4 1
1585139344 614 292 112 59 36 13 16 3 4 1
1585202266 615 292 112 59 36 13 16 3 4 1
1585205051 615 293 112 59 36 13 16 3 4 1
1585206926 615 294 112 59 36 13 16 3 4 1
1585206934 615 295 112 59 36 13 16 3 4 1
1585386794 616 295 112 59 36 13 16 3 4 1
1585564905 617 295 112 59 36 13 16 3 4 1
1585594343 617 296 112 59 36 13 16 3 4 1
1585594352 617 297 112 59 36 13 16 3 4 1
1585616331 618 297 112 59 36 13 16 3 4 1
1585736549 618 298 112 59 36 13 16 3 4 1
1585736570 618 299 112 59 36 13 16 3 4 1
1585879866 619 299 112 59 36 13 16 3 4 1
1585989859 619 300 112 59 36 13 16 3 4 1
1586163785 620 300 112 59 36 13 16 3 4 1
1586336902 621 300 112 59 36 13 16 3 4 1
1586407272 621 301 112 59 36 13 16 3 4 1
1586423775 621 302 112 59 36 13 16 3 4 1
1586427831 621 303 112 59 36 13 16 3 4 1
1586488395 621 304 112 59 36 13 16 3 4 1
1586488660 621 305 112 59 36 13 16 3 4 1
1586488705 621 306 112 59 36 13 16 3 4 1
1586488816 621 307 112 59 36 13 16 3 4 1
1586508088 621 308 112 59 36 13 16 3 4 1
1586508101 621 309 112 59 36 13 16 3 4 1
1586630024 621 310 112 59 36 13 16 3 4 1
1586716692 621 311 112 59 36 13 16 3 4 1
1586783714 621 312 112 59 36 13 16 3 4 1
1586793906 621 313 112 59 36 13 16 3 4 1
1586888000 621 314 112 59 36 13 16 3 4 1
1586948293 622 314 112 59 36 13 16 3 4 1
1587020041 622 315 112 59 36 13 16 3 4 1
1587124688 623 315 112 59 36 13 16 3 4 1
1587183707 624 315 112 59 36 13 16 3 4 1
1587372361 624 316 112 59 36 13 16 3 4 1
1587387994 624 317 112 59 36 13 16 3 4 1
1587434983 625 317 112 59 36 13 16 3 4 1
1587442606 626 317 112 59 36 13 16 3 4 1
1587456352 626 318 112 59 36 13 16 3 4 1
1587477981 627 318 112 59 36 13 16 3 4 1
1587540532 627 319 112 59 36 13 16 3 4 1
1587548144 627 320 112 59 36 13 16 3 4 1
1587548971 627 321 112 59 36 13 16 3 4 1
1587549226 627 322 112 59 36 13 16 3 4 1
1587549335 627 323 112 59 36 13 16 3 4 1
1587623995 627 324 112 59 36 13 16 3 4 1
1587624019 627 325 112 59 36 13 16 3 4 1
1587624234 627 326 112 59 36 13 16 3 4 1
1587624266 627 327 112 59 36 13 16 3 4 1
1587624307 627 328 112 59 36 13 16 3 4 1
1587624407 627 329 112 59 36 13 16 3 4 1
1587727498 627 330 112 59 36 13 16 3 4 1
1587882243 628 330 112 59 36 13 16 3 4 1
1587882296 629 330 112 59 36 13 16 3 4 1
1587924313 629 331 112 59 36 13 16 3 4 1
1587972556 629 332 112 59 36 13 16 3 4 1
1588047852 630 332 112 59 36 13 16 3 4 1
1588097078 630 333 112 59 36 13 16 3 4 1
1588329772 631 333 112 59 36 13 16 3 4 1
1588393739 631 334 112 59 36 13 16 3 4 1
1588583028 631 335 112 59 36 13 16 3 4 1
1588590920 631 336 112 59 36 13 16 3 4 1
1588657101 631 337 112 59 36 13 16 3 4 1
1588657332 631 338 112 59 36 13 16 3 4 1
1588658489 631 339 112 59 36 13 16 3 4 1
1588677806 632 339 112 59 36 13 16 3 4 1
1588684162 632 340 112 59 36 13 16 3 4 1
1588744172 633 340 112 59 36 13 16 3 4 1
1588762704 633 341 112 59 36 13 16 3 4 1
1588872809 633 342 112 59 36 13 16 3 4 1
1588934205 633 343 112 59 36 13 16 3 4 1
1589165399 633 344 112 59 36 13 16 3 4 1
1589197166 633 345 112 59 36 13 16 3 4 1
1589259683 633 346 112 59 36 13 16 3 4 1
1589299910 633 347 112 59 36 13 16 3 4 1
1589344577 633 348 112 59 36 13 16 3 4 1
1589352312 633 349 112 59 36 13 16 3 4 1
1589355654 633 350 112 59 36 13 16 3 4 1
1589356205 633 351 112 59 36 13 16 3 4 1
1589362228 633 352 112 59 36 13 16 3 4 1
1589365637 633 353 112 59 36 13 16 3 4 1
1589367781 633 354 112 59 36 13 16 3 4 1
1589437900 634 354 112 59 36 13 16 3 4 1
1589438076 635 354 112 59 36 13 16 3 4 1
1589467668 635 355 112 59 36 13 16 3 4 1
1589472118 635 356 112 59 36 13 16 3 4 1
1589474408 635 357 112 59 36 13 16 3 4 1
1589476869 635 358 112 59 36 13 16 3 4 1
1589480730 635 359 112 59 36 13 16 3 4 1
1589517138 635 360 112 59 36 13 16 3 4 1
1589537042 635 361 112 59 36 13 16 3 4 1
1589539254 635 362 112 59 36 13 16 3 4 1
1589539347 635 363 112 59 36 13 16 3 4 1
1589552275 635 364 112 59 36 13 16 3 4 1
1589554304 636 364 112 59 36 13 16 3 4 1
1589556909 637 364 112 59 36 13 16 3 4 1
1589557275 637 364 112 59 37 13 16 3 4 1
1589559076 637 365 112 59 37 13 16 3 4 1
1589564733 638 365 112 59 37 13 16 3 4 1
1589565037 638 365 112 59 38 13 16 3 4 1
1589629273 639 365 112 59 38 13 16 3 4 1
1589706591 639 366 112 59 38 13 16 3 4 1
1589714432 639 367 112 59 38 13 16 3 4 1
1589718670 639 368 112 59 38 13 16 3 4 1
1589727922 639 369 112 59 38 13 16 3 4 1
1589730566 639 370 112 59 38 13 16 3 4 1
1589731029 639 370 112 59 39 13 16 3 4 1
1589735398 639 371 112 59 39 13 16 3 4 1
1589780633 640 371 112 59 39 13 16 3 4 1
1589800692 640 372 112 59 39 13 16 3 4 1
1589824891 640 373 112 59 39 13 16 3 4 1
1589860379 640 374 112 59 39 13 16 3 4 1
1589874061 640 375 112 59 39 13 16 3 4 1
1589878988 641 375 112 59 39 13 16 3 4 1
1589879565 641 376 112 59 39 13 16 3 4 1
1589879575 641 377 112 59 39 13 16 3 4 1
1589883190 641 378 112 59 39 13 16 3 4 1
1589885546 641 379 112 59 39 13 16 3 4 1
1589916333 642 379 112 59 39 13 16 3 4 1
1589951388 643 379 112 59 39 13 16 3 4 1
1589960771 644 379 112 59 39 13 16 3 4 1
1589967367 644 380 112 59 39 13 16 3 4 1
1590046411 644 381 112 59 39 13 16 3 4 1
1590046940 644 382 112 59 39 13 16 3 4 1
1590052929 644 383 112 59 39 13 16 3 4 1
1590053388 644 384 112 59 39 13 16 3 4 1
1590123608 644 385 112 59 39 13 16 3 4 1
1590182071 645 385 112 59 39 13 16 3 4 1
1590232000 645 385 112 59 40 13 16 3 4 1
1590245160 645 386 112 59 40 13 16 3 4 1
1590248124 645 387 112 59 40 13 16 3 4 1
1590379778 645 388 112 59 40 13 16 3 4 1
1590383312 645 389 112 59 40 13 16 3 4 1
1590392571 646 389 112 59 40 13 16 3 4 1
1590394189 646 390 112 59 40 13 16 3 4 1
1590398776 646 391 112 59 40 13 16 3 4 1
1590400557 646 392 112 59 40 13 16 3 4 1
1590400627 646 392 112 59 41 13 16 3 4 1
1590403961 647 392 112 59 41 13 16 3 4 1
1590406627 647 393 112 59 41 13 16 3 4 1
1590476438 648 393 112 59 41 13 16 3 4 1
1590476477 648 394 112 59 41 13 16 3 4 1
1590479365 648 394 112 59 41 14 16 3 4 1
1590495289 649 394 112 59 41 14 16 3 4 1
1590497695 649 395 112 59 41 14 16 3 4 1
1590498428 649 396 112 59 41 14 16 3 4 1
1590502438 649 397 112 59 41 14 16 3 4 1
1590510763 650 397 112 59 41 14 16 3 4 1
1590566117 650 398 112 59 41 14 16 3 4 1
1590566148 650 399 112 59 41 14 16 3 4 1
1590566181 650 400 112 59 41 14 16 3 4 1
1590568313 650 401 112 59 41 14 16 3 4 1
1590569630 650 402 112 59 41 14 16 3 4 1
1590647571 650 403 112 59 41 14 16 3 4 1
1590647599 650 404 112 59 41 14 16 3 4 1
1590655692 650 405 112 59 41 14 16 3 4 1
1590722267 651 405 112 59 41 14 16 3 4 1
1590926335 651 406 112 59 41 14 16 3 4 1
1590926411 651 407 112 59 41 14 16 3 4 1
1590929527 651 408 112 59 41 14 16 3 4 1
1590979681 651 409 112 59 41 14 16 3 4 1
1590995971 651 410 112 59 41 14 16 3 4 1
1591006480 652 410 112 59 41 14 16 3 4 1
1591018131 652 411 112 59 41 14 16 3 4 1
1591096259 653 411 112 59 41 14 16 3 4 1
1591159752 653 412 112 59 41 14 16 3 4 1
1591168176 654 412 112 59 41 14 16 3 4 1
1591179264 655 412 112 59 41 14 16 3 4 1
1591207344 655 413 112 59 41 14 16 3 4 1
1591207366 655 414 112 59 41 14 16 3 4 1
1591233249 656 414 112 59 41 14 16 3 4 1
1591241924 657 414 112 59 41 14 16 3 4 1
1591252945 658 414 112 59 41 14 16 3 4 1
1591262101 658 415 112 59 41 14 16 3 4 1
1591281145 659 415 112 59 41 14 16 3 4 1
1591345172 660 415 112 59 41 14 16 3 4 1
1591345496 661 415 112 59 41 14 16 3 4 1
1591346985 661 416 112 59 41 14 16 3 4 1
1591440611 661 417 112 59 41 14 16 3 4 1
1591443260 662 417 112 59 41 14 16 3 4 1
1591531722 663 417 112 59 41 14 16 3 4 1
1591608515 664 417 112 59 41 14 16 3 4 1
1591615561 664 418 112 59 41 14 16 3 4 1
1591672308 664 418 112 59 41 15 16 3 4 1
1591677545 664 419 112 59 41 15 16 3 4 1
1591678148 664 419 112 59 41 16 16 3 4 1
1591686835 664 420 112 59 41 16 16 3 4 1
1591687037 664 420 112 59 41 17 16 3 4 1
1591687106 664 420 112 59 41 18 16 3 4 1
1591687166 664 420 112 59 41 19 16 3 4 1
1591687198 664 420 112 59 41 20 16 3 4 1
1591688386 664 421 112 59 41 20 16 3 4 1
1591720491 665 421 112 59 41 20 16 3 4 1
1591782844 665 422 112 59 41 20 16 3 4 1
1591782885 665 423 112 59 41 20 16 3 4 1
1591791776 665 424 112 59 41 20 16 3 4 1
1591792067 665 425 112 59 41 20 16 3 4 1
1591806269 666 425 112 59 41 20 16 3 4 1
1591836147 667 425 112 59 41 20 16 3 4 1
1591839739 667 426 112 59 41 20 16 3 4 1
1591844220 667 427 112 59 41 20 16 3 4 1
1591844829 667 428 112 59 41 20 16 3 4 1
1591851524 667 429 112 59 41 20 16 3 4 1
1591854960 667 430 112 59 41 20 16 3 4 1
1591863194 667 431 112 59 41 20 16 3 4 1
1591952443 667 432 112 59 41 20 16 3 4 1
1591997978 668 432 112 59 41 20 16 3 4 1
1592060657 669 432 112 59 41 20 16 3 4 1
1592216129 670 432 112 59 41 20 16 3 4 1
1592295995 671 432 112 59 41 20 16 3 4 1
1592304223 671 433 112 59 41 20 16 3 4 1
1592485875 671 434 112 59 41 20 16 3 4 1
1592553204 671 435 112 59 41 20 16 3 4 1
1592648780 671 435 112 59 41 21 16 3 4 1
1592895082 672 435 112 59 41 21 16 3 4 1
1592903629 672 436 112 59 41 21 16 3 4 1
1592963123 673 436 112 59 41 21 16 3 4 1
1592980523 673 437 112 59 41 21 16 3 4 1
1592982583 673 438 112 59 41 21 16 3 4 1
1593055935 673 439 112 59 41 21 16 3 4 1
1593077709 674 439 112 59 41 21 16 3 4 1
1593506444 674 440 112 59 41 21 16 3 4 1
1593513310 674 441 112 59 41 21 16 3 4 1
1593589105 674 442 112 59 41 21 16 3 4 1
1593678401 674 443 112 59 41 21 16 3 4 1
1594097365 675 443 112 59 41 21 16 3 4 1
1594269571 675 444 112 59 41 21 16 3 4 1
1594269659 675 445 112 59 41 21 16 3 4 1
1594290374 675 446 112 59 41 21 16 3 4 1
1594367234 675 447 112 59 41 21 16 3 4 1
1594786061 675 448 112 59 41 21 16 3 4 1
1594883201 675 449 112 59 41 21 16 3 4 1
1594951339 675 450 112 59 41 21 16 3 4 1
1594955057 675 451 112 59 41 21 16 3 4 1
1594972511 675 452 112 59 41 21 16 3 4 1
1595047802 675 453 112 59 41 21 16 3 4 1
1595066724 675 454 112 59 41 21 16 3 4 1
1595213528 675 455 112 59 41 21 16 3 4 1
1595216170 675 456 112 59 41 21 16 3 4 1
1595322134 676 456 112 59 41 21 16 3 4 1
1595403322 677 456 112 59 41 21 16 3 4 1
1595502642 678 456 112 59 41 21 16 3 4 1
1595846612 679 456 112 59 41 21 16 3 4 1
1595913638 679 456 112 59 42 21 16 3 4 1
1595913648 679 456 112 59 43 21 16 3 4 1
1596025288 680 456 112 59 43 21 16 3 4 1
1596089882 681 456 112 59 43 21 16 3 4 1
1597207142 682 456 112 59 43 21 16 3 4 1
1597233254 683 456 112 59 43 21 16 3 4 1
1597732633 684 456 112 59 43 21 16 3 4 1
1597912116 684 456 112 59 43 21 16 4 4 1
1598032515 685 456 112 59 43 21 16 4 4 1
1598308387 686 456 112 59 43 21 16 4 4 1
1598529502 687 456 112 59 43 21 16 4 4 1
1598601751 688 456 112 59 43 21 16 4 4 1
1598617353 689 456 112 59 43 21 16 4 4 1
1598840296 689 457 112 59 43 21 16 4 4 1
1598847934 690 457 112 59 43 21 16 4 4 1
1598848061 691 457 112 59 43 21 16 4 4 1
1598955797 692 457 112 59 43 21 16 4 4 1
1599043441 693 457 112 59 43 21 16 4 4 1
1599057310 694 457 112 59 43 21 16 4 4 1
1599122681 695 457 112 59 43 21 16 4 4 1
1599154067 696 457 112 59 43 21 16 4 4 1
1599202298 697 457 112 59 43 21 16 4 4 1
1599224396 698 457 112 59 43 21 16 4 4 1
1599243660 699 457 112 59 43 21 16 4 4 1
1599449359 700 457 112 59 43 21 16 4 4 1
1599476859 701 457 112 59 43 21 16 4 4 1
1599556262 702 457 112 59 43 21 16 4 4 1
1599887816 703 457 112 59 43 21 16 4 4 1
1600012064 704 457 112 59 43 21 16 4 4 1
1600101764 705 457 112 59 43 21 16 4 4 1
1600101781 706 457 112 59 43 21 16 4 4 1
1600775002 707 457 112 59 43 21 16 4 4 1
1600853151 708 457 112 59 43 21 16 4 4 1
1600858830 709 457 112 59 43 21 16 4 4 1
1601269280 710 457 112 59 43 21 16 4 4 1
1601877003 711 457 112 59 43 21 16 4 4 1
1601895822 712 457 112 59 43 21 16 4 4 1
1601920707 713 457 112 59 43 21 16 4 4 1
1601973756 714 457 112 59 43 21 16 4 4 1
1601977422 715 457 112 59 43 21 16 4 4 1
1601979880 716 457 112 59 43 21 16 4 4 1
1602002438 717 457 112 59 43 21 16 4 4 1
1602070976 717 458 112 59 43 21 16 4 4 1
1602134153 717 459 112 59 43 21 16 4 4 1
1602141929 717 460 112 59 43 21 16 4 4 1
1602221680 717 461 112 59 43 21 16 4 4 1
1602237757 717 462 112 59 43 21 16 4 4 1
1602237770 717 463 112 59 43 21 16 4 4 1
1602237923 717 464 112 59 43 21 16 4 4 1
1602238016 717 465 112 59 43 21 16 4 4 1
1602393269 718 465 112 59 43 21 16 4 4 1
1602497803 719 465 112 59 43 21 16 4 4 1
1602561065 719 466 112 59 43 21 16 4 4 1
1602584130 720 466 112 59 43 21 16 4 4 1
1602585177 720 467 112 59 43 21 16 4 4 1
1602593723 721 467 112 59 43 21 16 4 4 1
1602599626 722 467 112 59 43 21 16 4 4 1
1602607603 723 467 112 59 43 21 16 4 4 1
1602654490 723 467 112 59 44 21 16 4 4 1
1602818509 723 468 112 59 44 21 16 4 4 1
1602842593 724 468 112 59 44 21 16 4 4 1
1602848405 725 468 112 59 44 21 16 4 4 1
1602849424 726 468 112 59 44 21 16 4 4 1
1602925074 726 469 112 59 44 21 16 4 4 1
1603014118 726 470 112 59 44 21 16 4 4 1
1603014286 726 470 112 59 44 22 16 4 4 1
1603091578 727 470 112 59 44 22 16 4 4 1
1603097944 728 470 112 59 44 22 16 4 4 1
1603122451 729 470 112 59 44 22 16 4 4 1
1603126166 730 470 112 59 44 22 16 4 4 1
1603237126 731 470 112 59 44 22 16 4 4 1
1603378978 732 470 112 59 44 22 16 4 4 1
1603623905 733 470 112 59 44 22 16 4 4 1
1603647643 734 470 112 59 44 22 16 4 4 1
1603726921 735 470 112 59 44 22 16 4 4 1
1603786638 735 471 112 59 44 22 16 4 4 1
1603787680 735 472 112 59 44 22 16 4 4 1
1603795273 736 472 112 59 44 22 16 4 4 1
1603931155 737 472 112 59 44 22 16 4 4 1
1603931215 737 472 112 59 45 22 16 4 4 1
1604062166 738 472 112 59 45 22 16 4 4 1
1604079093 739 472 112 59 45 22 16 4 4 1
1604133442 739 473 112 59 45 22 16 4 4 1
1604245654 739 473 112 59 45 22 16 5 4 1
1604288010 739 474 112 59 45 22 16 5 4 1
1604296810 740 474 112 59 45 22 16 5 4 1
1604303491 741 474 112 59 45 22 16 5 4 1
1604672933 742 474 112 59 45 22 16 5 4 1
1604672991 742 474 112 59 46 22 16 5 4 1
1605111175 743 474 112 59 46 22 16 5 4 1
1605111780 744 474 112 59 46 22 16 5 4 1
1605280862 745 474 112 59 46 22 16 5 4 1
1605343702 746 474 112 59 46 22 16 5 4 1
1605343872 747 474 112 59 46 22 16 5 4 1
1605531789 748 474 112 59 46 22 16 5 4 1
1605543459 749 474 112 59 46 22 16 5 4 1
1605543905 750 474 112 59 46 22 16 5 4 1
1605544144 751 474 112 59 46 22 16 5 4 1
1605600476 752 474 112 59 46 22 16 5 4 1
1605627361 753 474 112 59 46 22 16 5 4 1
1606117619 754 474 112 59 46 22 16 5 4 1
