1528340017 0 0 0 0 21 0 0 0 0 0
1528340799 1269 0 0 0 21 0 0 0 0 0
1528650930 1525 0 0 0 21 0 0 0 0 0
1528689035 1551 0 0 0 21 0 0 0 0 0
1528707381 1576 0 0 0 21 0 0 0 0 0
1528774406 1657 0 0 0 21 0 0 0 0 0
1528969065 1903 0 0 0 21 0 0 0 0 0
1529053640 1936 0 0 0 21 0 0 0 0 0
1529348755 2509 0 0 0 21 0 0 0 0 0
1529480026 3545 0 0 0 21 0 0 0 0 0
1529491810 3573 0 0 0 21 0 0 0 0 0
1529567079 3668 0 0 0 21 0 0 0 0 0
1529575998 3699 0 0 0 21 0 0 0 0 0
1529698317 3892 0 0 0 21 0 0 0 0 0
1529774668 4478 0 0 0 21 0 0 0 0 0
1529853509 4491 0 0 0 21 0 0 0 0 0
1529902213 4533 0 0 0 21 0 0 0 0 0
1529911502 4568 0 0 0 21 0 0 0 0 0
1529920288 4588 0 0 0 21 0 0 0 0 0
1530003610 4599 0 0 0 21 0 0 0 0 0
1530064823 4605 0 0 0 21 0 0 0 0 0
1530081348 4618 0 0 0 21 0 0 0 0 0
1530587871 4618 0 0 0 21 0 0 0 0 205
1530608847 4650 0 0 0 21 0 0 0 0 205
1530608859 4737 0 0 0 21 0 0 0 0 205
1530676769 4850 0 0 0 21 0 0 0 0 205
1530787792 4860 0 0 0 21 0 0 0 0 205
1530787816 5058 0 0 0 21 0 0 0 0 205
1530812154 5065 0 0 0 21 0 0 0 0 205
1531105395 5101 0 0 0 21 0 0 0 0 205
1531645212 6220 0 0 0 21 0 0 0 0 205
1531666303 6380 0 0 0 21 0 0 0 0 205
1531666325 6438 0 0 0 21 0 0 0 0 205
1531728392 6694 0 0 0 21 0 0 0 0 205
1531878102 6954 0 0 0 21 0 0 0 0 205
1531878222 7011 0 0 0 21 0 0 0 0 205
1531878418 7013 0 0 0 21 0 0 0 0 205
1531878977 7015 0 0 0 21 0 0 0 0 205
1531973267 7015 0 61 0 21 0 0 0 0 205
1531995403 7046 0 61 0 21 0 0 0 0 205
1532006013 7046 0 65 0 21 0 0 0 0 205
1532078935 7337 0 65 0 21 0 0 0 0 205
1532101442 7337 0 66 0 21 0 0 0 0 205
1532167316 7371 0 66 0 21 0 0 0 0 205
1532234291 7398 0 66 0 21 0 0 0 0 205
1532333873 7398 0 66 0 21 0 0 0 0 205
1532336242 7398 0 66 0 21 0 0 0 0 205
1532337660 7398 0 66 0 21 0 0 0 0 205
1532400505 7432 0 66 0 21 0 0 0 0 205
1532400570 7519 0 66 0 21 0 0 0 0 205
1532406951 7520 0 66 0 21 0 0 0 0 205
1532413818 7520 0 66 0 21 0 34 0 0 205
1532430893 7520 0 76 0 21 0 34 0 0 205
1532460162 7565 0 76 0 21 0 34 0 0 205
1532460356 7576 0 76 0 21 0 34 0 0 205
1532460377 7580 0 76 0 21 0 34 0 0 205
1532460401 7588 0 76 0 21 0 34 0 0 205
1532509228 7588 0 86 0 21 0 34 0 0 205
1532572677 7588 0 86 0 21 0 42 0 0 205
1532578367 7588 0 142 0 21 0 42 0 0 205
1532605565 7818 0 142 0 21 0 42 0 0 205
1532654741 7819 0 142 0 21 0 42 0 0 205
1532654781 7819 0 142 0 21 0 42 0 0 205
1532657736 7819 0 144 0 21 0 42 0 0 205
1532684635 7819 0 436 0 21 0 42 0 0 205
1533009461 7819 0 436 0 21 0 55 0 0 205
1533034763 7819 0 660 0 21 0 55 0 0 205
1533090745 7819 0 660 0 21 0 55 0 0 205
1533098036 9032 0 660 0 21 0 55 0 0 205
1533174224 9133 0 660 0 21 0 55 0 0 205
1533204244 9193 0 660 0 21 0 55 0 0 205
1533271842 9196 0 660 0 21 0 55 0 0 205
1533284628 9201 0 660 0 21 0 55 0 0 205
1533383965 9280 0 660 0 21 0 55 0 0 205
1533401750 9280 0 660 0 21 0 55 0 0 205
1533451843 9284 0 660 0 21 0 55 0 0 205
1533530616 9284 0 675 0 21 0 55 0 0 205
1533537020 9284 0 675 0 21 0 81 0 0 205
1533538650 9288 0 675 0 21 0 81 0 0 205
1533538790 9288 0 675 0 21 0 87 0 0 205
1533540681 9288 0 675 0 21 0 87 0 0 205
1533541897 9288 0 675 3 21 0 87 0 0 205
1533544844 9335 0 675 3 21 0 87 0 0 205
1533567123 9335 0 676 3 21 0 87 0 0 205
1533568049 9335 0 677 3 21 0 87 0 0 205
1533568099 9335 0 678 3 21 0 87 0 0 205
1533569375 9335 0 683 3 21 0 87 0 0 205
1533569765 9337 0 683 3 21 0 87 0 0 205
1533607435 9449 0 683 3 21 0 87 0 0 205
1533611092 9452 0 683 3 21 0 87 0 0 205
1533619428 9452 0 686 3 21 0 87 0 0 205
1533626196 9452 0 691 3 21 0 87 0 0 205
1533634707 9452 0 691 3 21 0 96 0 0 205
1533638292 9452 0 691 3 21 0 97 0 0 205
1533639741 9452 0 691 4 21 0 97 0 0 205
1533699737 9452 0 691 4 21 0 109 0 0 205
1533700446 9452 0 691 6 21 0 109 0 0 205
1533700453 9452 0 691 6 21 0 109 0 0 205
1533703568 9454 0 691 6 21 0 109 0 0 205
1533709484 9454 0 691 8 21 0 109 0 0 205
1533710171 9454 0 691 10 21 0 109 0 0 205
1533715802 9454 0 691 10 21 0 114 0 0 205
1533725850 9454 0 691 11 21 0 114 0 0 205
1533744032 9833 0 691 11 21 0 114 0 0 205
1533870519 10439 0 691 11 21 0 114 0 0 205
1533871051 10439 0 755 11 21 0 114 0 0 205
1533986513 10874 0 755 11 21 0 114 0 0 205
1534000369 10980 0 755 11 21 0 114 0 0 205
1534161696 10980 0 828 11 21 0 114 0 0 205
1534172935 10980 0 844 11 21 0 114 0 0 205
1534180775 10980 0 1156 11 21 0 114 0 0 205
1534230719 10980 0 1183 11 21 0 114 0 0 205
1534244280 10980 0 1327 11 21 0 114 0 0 205
1534250307 11166 0 1327 11 21 0 114 0 0 205
1534265866 11248 0 1327 11 21 0 114 0 0 205
1534300938 11248 0 1331 11 21 0 114 0 0 205
1534308543 11274 0 1331 11 21 0 114 0 0 205
1534322251 11446 0 1331 11 21 0 114 0 0 205
1534382737 11500 0 1331 11 21 0 114 0 0 205
1534398025 11509 0 1331 11 21 0 114 0 0 205
1534398057 13274 0 1331 11 21 0 114 0 0 205
1534406081 13555 0 1331 11 21 0 114 0 0 205
1534407186 14055 0 1331 11 21 0 114 0 0 205
1534408791 14055 0 1331 11 21 0 114 0 0 205
1534413425 14060 0 1331 11 21 0 114 0 0 205
1534482731 14069 0 1331 11 21 0 114 0 0 205
1534529579 14273 0 1331 11 21 0 114 0 0 205
1534691328 14280 0 1331 11 21 0 114 0 0 205
1534761160 14353 0 1331 11 21 0 114 0 0 205
1534827771 14382 0 1331 11 21 0 114 0 0 205
1534847312 14423 0 1331 11 21 0 114 0 0 205
1534923955 14430 0 1331 11 21 0 114 0 0 205
1534925740 14430 0 1365 11 21 0 114 0 0 205
1534932739 14434 0 1365 11 21 0 114 0 0 205
1534934622 14448 0 1399 11 21 0 114 0 0 205
1534935345 14448 0 1399 11 21 0 114 0 0 205
1534988757 14506 0 1399 11 21 0 114 0 0 205
1534998413 14506 0 1399 11 21 0 114 0 0 205
1535001005 14510 0 1399 11 21 0 114 0 0 205
1535001028 14525 0 1399 11 21 0 114 0 0 205
1535006124 14525 0 1399 11 21 0 114 0 0 205
1535018261 14527 0 1399 11 21 0 114 0 0 205
1535104300 14527 0 1413 11 21 0 114 0 0 205
1535107288 14527 0 1413 11 21 0 114 0 0 205
1535444929 14701 0 1413 11 21 0 114 0 0 205
1535589499 15174 0 1427 11 21 0 114 0 0 205
1535701210 15174 0 1427 11 21 0 114 0 0 205
1535709552 15334 0 1427 11 21 0 114 0 0 205
1535940704 15335 0 1427 11 21 0 114 0 0 205
1536034912 15335 0 1647 11 21 0 114 0 0 205
1536063539 15346 0 1647 11 21 0 114 0 0 205
1536118083 15346 0 1647 11 21 0 119 0 0 205
1536120545 15352 0 1647 11 21 0 119 0 0 205
1536230497 15352 0 1651 11 21 0 119 0 0 205
1536287298 15836 0 1651 11 21 0 119 0 0 205
1536305607 15836 0 1651 11 21 0 119 0 0 205
1536387568 15836 0 1651 11 21 0 119 0 0 205
1536387806 15836 0 1651 11 21 0 119 0 0 205
1536387966 15836 0 1651 54 21 0 119 0 0 205
1536387976 15836 0 1651 55 21 0 119 0 0 205
1536546522 15836 0 1651 55 21 0 123 0 0 205
1536552948 15836 0 1651 55 21 0 476 0 0 205
1536629607 15957 0 1651 55 21 0 476 0 0 205
1536629661 15991 0 1651 55 21 0 476 0 0 205
1536629680 16007 0 1651 55 21 0 476 0 0 205
1536636977 16007 0 1709 55 21 0 476 0 0 205
1536637211 16007 0 1709 55 21 0 476 0 0 205
1536686208 16007 0 1762 55 21 0 476 0 0 205
1536686272 16007 0 1875 55 21 0 476 0 0 205
1536686399 16007 0 1928 55 21 0 476 0 0 205
1536717501 16048 0 1928 55 21 0 476 0 0 205
1536721638 16049 0 1928 55 21 0 476 0 0 205
1536809667 16857 0 1928 55 21 0 476 0 0 205
1536828857 17553 0 1928 55 21 0 476 0 0 205
1536831245 17553 0 1928 55 21 0 476 0 0 205
1536833811 17553 0 1928 55 21 0 476 0 0 205
1537004011 17553 0 1928 63 21 0 476 0 0 205
1537004029 17553 0 1928 63 21 0 476 0 0 205
1537328190 17863 0 1928 63 21 0 476 0 0 205
1537332052 17863 0 1928 73 21 0 476 0 0 205
1537332938 17863 0 1928 74 21 0 476 0 0 205
1537335101 17863 0 1928 76 21 0 476 0 0 205
1537418546 17863 0 1928 76 21 0 479 0 0 205
1537427822 17863 0 2208 76 21 0 479 0 0 205
1537429228 17863 0 2216 76 21 0 479 0 0 205
1537434133 17863 0 2230 76 21 0 479 0 0 205
1537527753 17863 0 2234 76 21 0 479 0 0 205
1537602640 18826 0 2234 76 21 0 479 0 0 205
1537602663 19428 0 2234 76 21 0 479 0 0 205
1537770373 19428 0 2234 76 21 0 485 0 0 205
1537782408 19660 0 2234 76 21 0 485 0 0 205
1537782986 19726 0 2234 76 21 0 485 0 0 205
1537844778 19726 0 2238 76 21 0 485 0 0 205
1537870315 19726 0 2301 76 21 0 485 0 0 205
1537935939 19726 0 2301 76 21 0 485 0 0 205
1538013688 20159 0 2301 76 21 0 485 0 0 205
1538385791 20159 0 2531 76 21 0 485 0 0 205
1538388468 20549 0 2531 76 21 0 485 0 0 205
1538469303 20598 0 2531 76 21 0 485 0 0 205
1538559259 20598 0 2866 76 21 0 485 0 0 205
1538570302 21177 0 2866 76 21 0 485 0 0 205
1538621687 21177 0 2866 103 21 0 485 0 0 205
1538621776 21177 0 2866 103 21 0 485 0 0 205
1538626035 21177 0 2866 103 21 0 485 0 0 205
1538630488 21198 0 2866 103 21 0 485 0 0 205
1538630911 21199 0 2866 103 21 0 485 0 0 205
1538632221 21199 0 2866 109 21 0 485 0 0 205
1538632226 21199 0 2866 109 21 0 485 0 0 205
1538633693 21199 0 2866 109 21 0 485 0 0 205
1538644797 21199 0 2869 109 21 0 485 0 0 205
1538647646 21199 0 2874 109 21 0 485 0 0 205
1538656400 21222 0 2874 109 21 0 485 0 0 205
1538736317 21307 0 2874 109 21 0 485 0 0 205
1538737080 21307 0 2896 109 21 0 485 0 0 205
1538739861 21311 0 2896 109 21 0 485 0 0 205
1538740252 21311 0 2899 109 21 0 485 0 0 205
1538744363 21311 0 2899 109 21 0 485 0 0 205
1538967746 21443 0 2899 109 21 0 485 0 0 205
1538968043 21443 0 2899 124 21 0 485 0 0 205
1538968070 21443 0 2899 134 21 0 485 0 0 205
1538968078 21443 0 2899 134 21 0 485 0 0 205
1538988149 21453 0 2899 134 21 0 485 0 0 205
1539069465 21453 0 3010 134 21 0 485 0 0 205
1539073942 21674 0 3010 134 21 0 485 0 0 205
1539155775 21674 0 3081 134 21 0 485 0 0 205
1539163802 21674 0 3108 134 21 0 485 0 0 205
1539180375 21883 0 3108 134 21 0 485 0 0 205
1539180404 22240 0 3108 134 21 0 485 0 0 205
1539239410 22240 0 3388 134 21 0 485 0 0 205
1539257707 23102 0 3388 134 21 0 485 0 0 205
1539257917 23503 0 3388 134 21 0 485 0 0 205
1539310160 23503 0 3388 134 21 0 485 0 0 205
1539310363 23503 0 3388 136 21 0 485 0 0 205
1539315606 23503 0 3388 136 21 0 485 0 0 205
1539324749 23503 0 3468 136 21 0 485 0 0 205
1539330496 23517 0 3468 136 21 0 485 0 0 205
1539333236 23517 0 3468 151 21 0 485 0 0 205
1539333250 23517 0 3468 151 21 0 485 0 0 205
1539337000 23517 0 3549 151 21 0 485 0 0 205
1539337792 23517 0 3549 215 21 0 485 0 0 205
1539337938 23517 0 3549 215 21 0 485 0 0 205
1539337991 23517 0 3549 601 21 0 485 0 0 205
1539582204 23517 0 3565 601 21 0 485 0 0 205
1539665129 23517 0 3705 601 21 0 485 0 0 205
1539665247 23517 0 3705 601 21 0 485 0 0 205
1539678317 23517 0 3706 601 21 0 485 0 0 205
1539686428 23517 0 3706 601 21 0 485 0 0 205
1539687180 23517 0 3714 601 21 0 485 0 0 205
1539855184 23753 0 3714 601 21 0 485 0 0 205
1540007485 23753 0 3714 603 21 0 485 0 0 205
1540007999 23753 0 3714 616 21 0 485 0 0 205
1540181998 23753 0 3764 616 21 0 485 0 0 205
1540273022 27861 0 3764 616 21 0 485 0 0 205
1540322089 28288 0 3764 616 21 0 485 0 0 205
1540346594 28288 0 3764 616 21 0 485 0 0 205
1540349702 28288 0 3764 616 21 0 485 0 0 205
1540361283 28288 0 3765 616 21 0 485 0 0 205
1540381359 28377 0 3765 616 21 0 485 0 0 205
1540381647 28377 0 3765 616 21 0 485 0 0 205
1540394081 28379 0 3765 616 21 0 485 0 0 205
1540432933 28379 0 3765 616 21 0 485 0 0 205
1540462109 28525 0 3765 616 21 0 485 0 0 205
1540548596 28569 0 3765 616 21 0 485 0 0 205
1540552287 28570 0 3765 616 21 0 485 0 0 205
1540554588 28618 0 3765 616 21 0 485 0 0 205
1540622980 28618 0 3765 628 21 0 485 0 0 205
1540622992 28618 0 3765 628 21 0 485 0 0 205
1540638593 28627 0 3765 628 21 0 485 0 0 205
1540695349 28627 0 3765 628 21 0 485 0 0 205
1540812091 28627 0 3838 628 21 0 485 0 0 205
1540959390 28627 0 3932 628 21 0 485 0 0 205
1540960695 28627 0 3939 628 21 0 485 0 0 205
1540976515 28627 0 4186 628 21 0 485 0 0 205
1540985134 28627 0 4203 628 21 0 485 0 0 205
1540993397 28627 0 4209 628 21 0 485 0 0 205
1541003824 28627 0 4213 628 21 0 485 0 0 205
1541013874 28627 0 4487 628 21 0 485 0 0 205
1541054038 28627 0 4491 628 21 0 485 0 0 205
1541061907 28660 0 4491 628 21 0 485 0 0 205
1541098286 28660 0 4605 628 21 0 485 0 0 205
1541098453 28660 0 4606 628 21 0 485 0 0 205
1541135879 28665 0 4606 628 21 0 485 0 0 205
1541144023 28665 0 4875 628 21 0 485 0 0 205
1541155265 28746 0 4875 628 21 0 485 0 0 205
1541233732 29141 0 4875 628 21 0 485 0 0 205
1541261657 29141 0 4989 628 21 0 485 0 0 205
1541262092 29141 0 4989 628 21 0 485 0 0 205
1541382367 29142 0 4989 628 21 0 485 0 0 205
1541392075 29142 0 5007 628 21 0 485 0 0 205
1541395320 29142 0 5007 646 21 0 485 0 0 205
1541395328 29142 0 5007 646 21 0 485 0 0 205
1541409483 29148 0 5007 646 21 0 485 0 0 205
1541416418 29148 0 5087 646 21 0 485 0 0 205
1541432205 29197 0 5087 646 21 0 485 0 0 205
1541656960 29197 0 5092 646 21 0 485 0 0 205
1541673609 29197 0 5222 646 21 0 485 0 0 205
1541678461 29197 0 5291 646 21 0 485 0 0 205
1541733872 29277 0 5291 646 21 0 485 0 0 205
1541751257 29294 0 5291 646 21 0 485 0 0 205
1541831616 29338 0 5291 646 21 0 485 0 0 205
1541842767 29340 0 5291 646 21 0 485 0 0 205
1541845003 29345 0 5291 646 21 0 485 0 0 205
1541845569 29345 0 5291 646 21 0 485 0 0 205
1541845620 29345 0 5312 646 21 0 485 0 0 205
1541847567 29345 0 5349 646 21 0 485 0 0 205
1541851176 29385 0 5349 646 21 0 485 0 0 205
1541866204 29385 0 5349 646 21 0 485 0 0 205
1541916622 29385 0 5358 646 21 0 485 0 0 205
1541921419 29405 0 5358 646 21 0 485 0 0 205
1541927110 29405 0 5373 646 21 0 485 0 0 205
1542020967 29420 0 5373 646 21 0 485 0 0 205
1542343386 29438 0 5373 646 21 0 485 0 0 205
1542538584 29962 0 5373 646 21 0 485 0 0 205
1542619389 29962 0 5396 646 21 0 485 0 0 205
1542688098 29962 0 5429 646 21 0 485 0 0 205
1542705632 30394 0 5429 646 21 0 485 0 0 205
1542711110 30395 0 5429 646 21 0 485 0 0 205
1542735249 30427 0 5429 646 21 0 485 0 0 205
1542764340 30427 0 5429 646 21 0 485 0 0 205
1542769166 30427 0 5429 646 21 0 485 0 0 205
1542770426 30427 0 5429 646 21 0 485 0 0 205
1542782298 30427 0 5437 646 21 0 485 0 0 205
1542783001 30427 0 5437 646 21 0 485 0 0 205
1542794363 30484 0 5437 646 21 0 485 0 0 205
1542864880 30487 0 5437 646 21 0 485 0 0 205
1542957153 30487 0 5520 646 21 0 485 0 0 205
1542958083 30487 0 5520 646 21 0 485 0 0 205
1542970053 30501 0 5520 646 21 0 485 0 0 205
1542974652 30501 0 5520 648 21 0 485 0 0 205
1543058081 30502 0 5520 648 21 0 485 0 0 205
1543059199 30507 0 5520 648 21 0 485 0 0 205
1543061482 30512 0 5520 648 21 0 485 0 0 205
1543402504 30565 0 5520 648 21 0 485 0 0 205
1543483340 30565 0 5570 648 21 0 485 0 0 205
1543486658 30565 0 5570 648 21 0 485 0 0 205
1543488995 30565 0 5572 648 21 0 485 0 0 205
1543548250 30565 0 5624 648 21 0 485 0 0 205
1543599034 30565 0 5648 648 21 0 485 0 0 205
1543601065 30565 0 5652 648 21 0 485 0 0 205
1543812093 30565 0 5659 648 21 0 485 0 0 205
1543827073 30579 0 5659 648 21 0 485 0 0 205
1543835602 30579 0 5767 648 21 0 485 0 0 205
1543848384 30579 0 5822 648 21 0 485 0 0 205
1543853245 30604 0 5822 648 21 0 485 0 0 205
1543931250 30897 0 5822 648 21 0 485 0 0 205
1543931628 30898 0 5822 648 21 0 485 0 0 205
1543932923 30902 0 5822 648 21 0 485 0 0 205
1543933572 30904 0 5822 648 21 0 485 0 0 205
1543939555 30960 0 5822 648 21 0 485 0 0 205
1543982951 31089 0 5822 648 21 0 485 0 0 205
1543985832 31098 0 5822 648 21 0 485 0 0 205
1544012335 31188 0 5822 648 21 0 485 0 0 205
1544022529 31238 0 5822 648 21 0 485 0 0 205
1544024263 31238 0 5822 648 21 0 485 0 0 205
1544068372 31253 0 5822 648 21 0 485 0 0 205
1544374112 31564 0 5822 648 21 0 485 0 0 205
1544414522 31564 0 5822 648 21 0 485 10 0 205
1544443914 31661 0 5822 648 21 0 485 10 0 205
1544520300 31670 0 5822 648 21 0 485 10 0 205
1544521048 31690 0 5822 648 21 0 485 10 0 205
1544521106 31691 0 5822 648 21 0 485 10 0 205
1544674688 43070 0 5822 648 21 0 485 10 0 205
1544676208 43071 0 5822 648 21 0 485 10 0 205
1544691101 43089 0 5822 648 21 0 485 10 0 205
1544697268 43109 0 5822 648 21 0 485 10 0 205
1544756526 43141 0 5822 648 21 0 485 10 0 205
1544773337 43179 0 5822 648 21 0 485 10 0 205
1544782300 43184 0 5822 648 21 0 485 10 0 205
1544934028 43184 0 5822 652 21 0 485 10 0 205
1544947903 43184 0 5842 652 21 0 485 10 0 205
1544979280 43184 0 5843 652 21 0 485 10 0 205
1544986153 43184 0 5843 652 21 0 485 10 0 205
1545039420 43184 0 5853 652 21 0 485 10 0 205
1545048560 43187 0 5853 652 21 0 485 10 0 205
1545081517 43300 0 5853 652 21 0 485 10 0 205
1545117407 43302 0 5853 652 21 0 485 10 0 205
1545406207 43682 0 5853 652 21 0 485 10 0 205
1545604753 43822 0 5853 652 21 0 485 10 0 205
1545605014 43838 0 5853 652 21 0 485 10 0 205
1545715471 43884 0 5853 652 21 0 485 10 0 205
1545726855 43896 0 5853 652 21 0 485 10 0 205
1545763928 43968 0 5853 652 21 0 485 10 0 205
1545817523 43968 0 5855 652 21 0 485 10 0 205
1545842483 45317 0 5855 652 21 0 485 10 0 205
1545911541 45389 0 5855 652 21 0 485 10 0 205
1546085888 46141 0 5855 652 21 0 485 10 0 205
1546336975 46187 0 5855 652 21 0 485 10 0 205
1546484293 46187 0 5855 652 21 0 485 10 0 205
1546533747 46218 0 5855 652 21 0 485 10 0 205
1546533811 46220 0 5855 652 21 0 485 10 0 205
1546589711 56023 0 5855 652 21 0 485 10 0 205
1546600771 56062 0 5855 652 21 0 485 10 0 205
1546619096 56062 0 5855 734 21 0 485 10 0 205
1546619132 56062 0 5855 734 21 0 485 10 0 205
1546620322 56084 0 5855 734 21 0 485 10 0 205
1546621667 56089 0 5855 734 21 0 485 10 0 205
1546621735 56091 0 5855 734 21 0 485 10 0 205
1546676982 56103 0 5855 734 21 0 485 10 0 205
1546779964 56103 0 5855 736 21 0 485 10 0 205
1546780134 56103 0 5855 736 21 0 485 10 0 205
1546781444 56123 0 5855 736 21 0 485 10 0 205
1546783723 56123 0 5858 736 21 0 485 10 0 205
1546858700 56131 0 5858 736 21 0 485 10 0 205
1546935274 56131 0 5858 754 21 0 485 10 0 205
1547017617 56240 0 5858 754 21 0 485 10 0 205
1547081150 56240 0 5858 754 21 0 485 10 23 205
1547083988 56240 0 5858 754 21 0 485 10 29 205
1547085617 56240 0 5858 754 21 0 485 10 33 205
1547085645 56240 0 5858 754 21 0 485 10 37 205
1547085798 56240 0 5858 754 21 0 485 10 37 205
1547202985 56260 0 5858 754 21 0 485 10 37 205
1547203073 56268 0 5858 754 21 0 485 10 37 205
1547203980 56268 0 5858 755 21 0 485 10 37 205
1547203986 56268 0 5858 755 21 0 485 10 37 205
1547399684 56270 0 5858 755 21 0 485 10 37 205
1547437965 56312 0 5858 755 21 0 485 10 37 205
1547459696 56313 0 5858 755 21 0 485 10 37 205
1547481164 56315 0 5858 755 21 0 485 10 37 205
1547486121 56315 7 5858 755 21 0 485 10 37 205
1547498346 57028 7 5858 755 21 0 485 10 37 205
1547523714 57028 7 5858 755 21 0 485 10 37 205
1547547051 57690 7 5858 755 21 0 485 10 37 205
1547567920 57690 7 5858 757 21 0 485 10 37 205
1547569417 57731 7 5858 757 21 0 485 10 37 205
1547571837 57736 7 5858 757 21 0 485 10 37 205
1547573026 57740 7 5858 757 21 0 485 10 37 205
1547614718 57743 7 5858 757 21 0 485 10 37 205
1547660964 57871 7 5858 757 21 0 485 10 37 205
1547703456 57871 7 5858 757 21 0 485 10 37 205
1547703486 57874 7 5858 757 21 0 485 10 37 205
1547706262 57874 49 5858 757 21 0 485 10 37 205
1547707654 57874 49 5858 757 21 0 485 10 37 205
1547709714 57912 49 5858 757 21 0 485 10 37 205
1547719032 57912 49 5858 757 21 0 485 10 37 205
1547721567 57920 49 5858 757 21 0 485 10 37 205
1547728773 57920 49 5858 763 21 0 485 10 37 205
1547732523 57921 49 5858 763 21 0 485 10 37 205
1547863065 58117 49 5858 763 21 0 485 10 37 205
1547923059 58247 49 5858 763 21 0 485 10 37 205
1547998729 58258 49 5858 763 21 0 485 10 37 205
1548006945 58287 49 5858 763 21 0 485 10 37 205
1548043738 58310 49 5858 763 21 0 485 10 37 205
1548095460 58310 265 5858 763 21 0 485 10 37 205
1548123405 58414 265 5858 763 21 0 485 10 37 205
1548140375 58414 286 5858 763 21 0 485 10 37 205
1548152049 58455 286 5858 763 21 0 485 10 37 205
1548152123 58455 286 5858 763 21 0 485 10 37 205
1548154102 58455 286 5858 763 21 0 485 10 37 205
1548166208 58455 286 5858 763 21 0 485 10 37 205
1548176942 58459 286 5858 763 21 0 485 10 37 205
1548211910 58459 287 5858 763 21 0 485 10 37 205
1548213628 58459 289 5858 763 21 0 485 10 37 205
1548225644 58459 290 5858 763 21 0 485 10 37 205
1548237761 58459 291 5858 763 21 0 485 10 37 205
1548246701 58459 386 5858 763 21 0 485 10 37 205
1548250918 58483 386 5858 763 21 0 485 10 37 205
1548251221 58483 386 5858 763 21 0 485 10 37 205
1548252008 58483 386 5858 770 21 0 485 10 37 205
1548310366 58484 386 5858 770 21 0 485 10 37 205
1548312088 58484 433 5858 770 21 0 485 10 37 205
1548344385 58484 441 5858 770 21 0 485 10 37 205
1548394500 58494 441 5858 770 21 0 485 10 37 205
1548405071 58494 470 5858 770 21 0 485 10 37 205
1548693810 58684 470 5858 770 21 0 485 10 37 205
1548833719 58684 472 5858 770 21 0 485 10 37 205
1548839085 58953 472 5858 770 21 0 485 10 37 205
1548902934 58953 757 5858 770 21 0 485 10 37 205
1549008165 59348 757 5858 770 21 0 485 10 37 205
1549016132 59355 757 5858 770 21 0 485 10 37 205
1549022879 59394 757 5858 770 21 0 485 10 37 205
1549032059 59494 757 5858 770 21 0 485 10 37 205
1549102611 59494 757 5858 770 21 0 485 10 37 205
1549129213 59494 1336 5858 770 21 0 485 10 37 205
1549130462 59494 1338 5858 770 21 0 485 10 37 205
1549130500 59494 1338 5858 770 21 0 485 10 37 205
1549138840 59494 1398 5858 770 21 0 485 10 37 205
1549165554 59497 1398 5858 770 21 0 485 10 37 205
1549188684 59761 1398 5858 770 21 0 485 10 37 205
1549196637 59761 1398 5858 770 21 0 485 10 37 205
1549212695 59781 1398 5858 770 21 0 485 10 37 205
1549251450 59781 1412 5858 770 21 0 485 10 37 205
1549796838 59781 1474 5858 770 21 0 485 10 37 205
1549821191 59781 1492 5858 770 21 0 485 10 37 205
1549821216 59781 1501 5858 770 21 0 485 10 37 205
1549868545 59781 1526 5858 770 21 0 485 10 37 205
1549868787 59781 1540 5858 770 21 0 485 10 37 205
1549885645 59781 1671 5858 770 21 0 485 10 37 205
1549905943 59781 1672 5858 770 21 0 485 10 37 205
1549910864 59781 1727 5858 770 21 0 485 10 37 205
1549939673 59781 1727 5858 770 21 0 485 10 37 205
1549955783 59830 1727 5858 770 21 0 485 10 37 205
1549966867 59830 1789 5858 770 21 0 485 10 37 205
1549971586 59834 1789 5858 770 21 0 485 10 37 205
1550037248 59845 1789 5858 770 21 0 485 10 37 205
1550040069 59845 1795 5858 770 21 0 485 10 37 205
1550049547 59845 1801 5858 770 21 0 485 10 37 205
1550049936 59845 1801 5858 770 21 0 485 10 37 205
1550109587 59846 1801 5858 770 21 0 485 10 37 205
1550113687 59846 1801 5858 770 21 0 485 10 37 205
1550125168 59846 1883 5858 770 21 0 485 10 37 205
1550131055 59901 1883 5858 770 21 0 485 10 37 205
1550143050 59901 1926 5858 770 21 0 485 10 37 205
1550157463 59901 1933 5858 770 21 0 485 10 37 205
1550157565 59901 1933 5858 770 21 0 485 10 37 205
1550196227 59964 1933 5858 770 21 0 485 10 37 205
1550201844 59964 1933 5858 770 21 0 485 10 37 205
1550213307 59964 1963 5858 770 21 0 485 10 37 205
1550218869 59964 1964 5858 770 21 0 485 10 37 205
1550459457 59964 1964 5858 770 21 0 485 10 37 205
1550668133 59964 2140 5858 770 21 0 485 10 37 205
1550718723 60596 2140 5858 770 21 0 485 10 37 205
1550718947 60616 2140 5858 770 21 0 485 10 37 205
1550823847 61215 2140 5858 770 21 0 485 10 37 205
1550936637 61610 2140 5858 770 21 0 485 10 37 205
1550944385 61613 2140 5858 770 21 0 485 10 37 205
1551024078 61650 2140 5858 770 21 0 485 10 37 205
1551058038 61690 2140 5858 770 21 0 485 10 37 205
1551146772 61787 2140 5858 770 21 0 485 10 37 205
1551147455 61813 2140 5858 770 21 0 485 10 37 205
1551159427 61813 2157 5858 770 21 0 485 10 37 205
1551166646 61814 2157 5858 770 21 0 485 10 37 205
1551184944 61814 2241 5858 770 21 0 485 10 37 205
1551192890 61814 2242 5858 770 21 0 485 10 37 205
1551192935 61814 2242 5858 770 21 0 485 10 37 205
1551241613 61814 2242 5858 770 21 0 485 10 37 205
1551254956 61814 2258 5858 770 21 0 485 10 37 205
1551262580 61910 2258 5858 770 21 0 485 10 37 205
1551265146 61910 2282 5858 770 21 0 485 10 37 205
1551326415 61910 2323 5858 770 21 0 485 10 37 205
1551326487 61910 2323 5858 770 21 0 485 10 37 205
1551340694 61935 2323 5858 770 21 0 485 10 37 205
1551411836 61947 2323 5858 770 21 0 485 10 37 205
1551418763 61947 2360 5858 770 21 0 485 10 37 205
1551429131 61947 2360 5858 770 21 0 485 10 37 205
1551435232 62041 2360 5858 770 21 0 485 10 37 205
1551493195 62064 2360 5858 770 21 0 485 10 37 205
1551523948 62064 2545 5858 770 21 0 485 10 37 205
1551523987 62064 2762 5858 770 21 0 485 10 37 205
1551593580 62092 2762 5858 770 21 0 485 10 37 205
1551597203 62092 2785 5858 770 21 0 485 10 37 205
1551601079 62092 2786 5858 770 21 0 485 10 37 205
1551614645 62223 2786 5858 770 21 0 485 10 37 205
1551680779 62223 2789 5858 770 21 0 485 10 37 205
1551680830 62223 3030 5858 770 21 0 485 10 37 205
1551683614 62223 3044 5858 770 21 0 485 10 37 205
1551688463 62422 3044 5858 770 21 0 485 10 37 205
1551688901 62422 3044 5858 770 21 0 485 10 37 205
1551689226 62423 3044 5858 770 21 0 485 10 37 205
1551692336 62423 3164 5858 770 21 0 485 10 37 205
1551748824 63048 3164 5858 770 21 0 485 10 37 205
1551756463 63048 3312 5858 770 21 0 485 10 37 205
1551775088 63048 3428 5858 770 21 0 485 10 37 205
1551776890 63048 3444 5858 770 21 0 485 10 37 205
1551799284 63048 3461 5858 770 21 0 485 10 37 205
1551839544 63048 3462 5858 770 21 0 485 10 37 205
1551841348 63048 3467 5858 770 21 0 485 10 37 205
1551841353 63069 3467 5858 770 21 0 485 10 37 205
1551841574 63069 3467 5858 770 21 0 485 10 37 205
1551862119 63069 3468 5858 770 21 0 485 10 37 205
1551937546 63113 3468 5858 770 21 0 485 10 37 205
1551947219 63113 3468 5858 831 21 0 485 10 37 205
1551947398 63113 3468 5858 832 21 0 485 10 37 205
1551962139 63129 3468 5858 832 21 0 485 10 37 205
1552025086 63154 3468 5858 832 21 0 485 10 37 205
1552031407 63155 3468 5858 832 21 0 485 10 37 205
1552034540 63156 3468 5858 832 21 0 485 10 37 205
1552069685 63279 3468 5858 832 21 0 485 10 37 205
1552102624 63324 3468 5858 832 21 0 485 10 37 205
1552117773 63325 3468 5858 832 21 0 485 10 37 205
1552297804 63367 3468 5858 832 21 0 485 10 37 205
1552356357 63466 3468 5858 832 21 0 485 10 37 205
1552404651 63473 3468 5858 832 21 0 485 10 37 205
1552475027 63484 3468 5858 832 21 0 485 10 37 205
1552534246 63494 3468 5858 832 21 0 485 10 37 205
1552536301 63494 3468 5858 834 21 0 485 10 37 205
1552646251 63496 3468 5858 834 21 0 485 10 37 205
1552698393 63573 3468 5858 834 21 0 485 10 37 205
1552838876 63605 3468 5858 834 21 0 485 10 37 205
1553075684 63705 3468 5858 834 21 0 485 10 37 205
1553082616 63705 3609 5858 834 21 0 485 10 37 205
1553131930 63771 3609 5858 834 21 0 485 10 37 205
1553139382 63771 3622 5858 834 21 0 485 10 37 205
1553148683 63778 3622 5858 834 21 0 485 10 37 205
1553149416 63778 3622 5858 834 21 0 485 10 37 205
1553151716 63811 3622 5858 834 21 0 485 10 37 205
1553233219 63811 3622 5858 834 21 0 485 10 37 205
1553247161 63815 3622 5858 834 21 0 485 10 37 205
1553445413 63830 3622 5858 834 21 0 485 10 37 205
1553617634 63830 3638 5858 834 21 0 485 10 37 205
1553617889 63830 3956 5858 834 21 0 485 10 37 205
1553618140 63830 4006 5858 834 21 0 485 10 37 205
1553619631 63830 4006 5858 834 21 0 485 10 37 205
1553654611 63830 4019 5858 834 21 0 485 10 37 205
1553654784 63830 4019 5858 834 21 0 485 10 37 205
1553655222 63830 4019 5858 834 21 0 485 10 37 205
1553676979 63882 4019 5858 834 21 0 485 10 37 205
1553677355 63882 4019 5858 834 21 0 485 10 37 205
1553679917 63883 4019 5858 834 21 0 485 10 37 205
1553692260 63883 4019 5858 834 21 0 485 10 37 205
1553763301 63893 4019 5858 834 21 0 485 10 37 205
1553765758 63894 4019 5858 834 21 0 485 10 37 205
1553769789 63894 4061 5858 834 21 0 485 10 37 205
1553770903 63894 4062 5858 834 21 0 485 10 37 205
1553772712 63894 4067 5858 834 21 0 485 10 37 205
1553825621 63894 4067 5858 834 21 0 485 10 37 205
1553839763 63906 4067 5858 834 21 0 485 10 37 205
1553843877 63953 4067 5858 834 21 0 485 10 37 205
1553847245 63953 4067 5858 834 21 0 485 10 37 205
1553934010 63961 4067 5858 834 21 0 485 10 37 205
1553938860 63972 4067 5858 834 21 0 485 10 37 205
1554001420 64002 4067 5858 834 21 0 485 10 37 205
1554024669 64012 4067 5858 834 21 0 485 10 37 205
1554087822 64024 4067 5858 834 21 0 485 10 37 205
1554099992 64033 4067 5858 834 21 0 485 10 37 205
1554100132 64038 4067 5858 834 21 0 485 10 37 205
1554195972 64067 4067 5858 834 21 0 485 10 37 205
1554198491 64067 4067 5858 834 21 0 485 10 37 205
1554199772 64067 4067 5858 834 21 0 485 10 37 205
1554204432 64118 4067 5858 834 21 0 485 10 37 205
1554207968 64121 4067 5858 834 21 0 485 10 37 205
1554218490 64148 4067 5858 834 21 0 485 10 37 205
1554262402 64321 4067 5858 834 21 0 485 10 37 205
1554265994 64338 4067 5858 834 21 0 485 10 37 205
1554357954 64356 4067 5858 834 21 0 485 10 37 205
1554361739 64356 4067 5858 834 21 0 485 10 37 205
1554362703 64356 4067 5858 834 21 0 485 10 37 205
1554362890 64356 4067 5858 834 21 0 485 10 37 205
1554370923 64356 4067 5858 834 21 0 485 10 37 205
1554384947 64370 4067 5858 834 21 0 485 10 37 205
1554481252 64545 4067 5858 834 21 0 485 10 37 205
1554537499 64545 4228 5858 834 21 0 485 10 37 205
1554600342 64593 4228 5858 834 21 0 485 10 37 205
1554610831 64632 4228 5858 834 21 0 485 10 37 205
1554613580 64637 4228 5858 834 21 0 485 10 37 205
1554621572 64665 4228 5858 834 21 0 485 10 37 205
1554625605 64665 4228 5858 834 21 0 485 10 37 205
1554626090 64665 4282 5858 834 21 0 485 10 37 205
1554631775 64665 4319 5858 834 21 0 485 10 37 205
1554636061 64693 4319 5858 834 21 0 485 10 37 205
1554644666 64702 4319 5858 834 21 0 485 10 37 205
1554647418 64702 4319 5858 838 21 0 485 10 37 205
1554727735 64808 4319 5858 838 21 0 485 10 37 205
1554774331 64808 4431 5858 838 21 0 485 10 37 205
1554778858 64808 4436 5858 838 21 0 485 10 37 205
1554779360 64809 4436 5858 838 21 0 485 10 37 205
1554780458 64809 4450 5858 838 21 0 485 10 37 205
1554780676 64809 4452 5858 838 21 0 485 10 37 205
1554780986 64809 4452 5858 838 21 0 485 10 37 205
1554781672 64809 4452 5858 838 21 0 485 10 37 205
1554786342 64837 4452 5858 838 21 0 485 10 37 205
1554791483 64837 4452 5858 838 21 0 485 10 37 205
1554825287 64837 4616 5858 838 21 0 485 10 37 205
1554873943 64893 4616 5858 838 21 0 485 10 37 205
1554910627 64893 4802 5858 838 21 0 485 10 37 205
1554938634 64899 4802 5858 838 21 0 485 10 37 205
1554939788 64899 4802 5858 838 21 0 485 10 37 205
1554950701 64899 4802 5858 838 21 0 485 10 37 205
1554970401 64908 4802 5858 838 21 0 485 10 37 205
1554971436 64908 4854 5858 838 21 0 485 10 37 205
1555037606 64908 4854 5858 843 21 0 485 10 37 205
1555038378 65086 4854 5858 843 21 0 485 10 37 205
1555053383 65086 4907 5858 843 21 0 485 10 37 205
1555059531 65086 4967 5858 843 21 0 485 10 37 205
1555065502 65179 4967 5858 843 21 0 485 10 37 205
1555065744 65179 5070 5858 843 21 0 485 10 37 205
1555125234 65179 5085 5858 843 21 0 485 10 37 205
1555127909 65179 5089 5858 843 21 0 485 10 37 205
1555128605 65179 5089 5858 843 21 0 485 10 37 205
1555339359 65205 5089 5858 843 21 0 485 10 37 205
1555381185 65213 5089 5858 843 21 0 485 10 37 205
1555389333 65213 5207 5858 843 21 0 485 10 37 205
1555389790 65213 5207 5858 843 21 0 485 10 37 205
1555389979 65213 5208 5858 843 21 0 485 10 37 205
1555396801 65213 5251 5858 843 21 0 485 10 37 205
1555397987 65213 5256 5858 843 21 0 485 10 37 205
1555408459 65394 5256 5858 843 21 0 485 10 37 205
1555497482 65394 5398 5858 843 21 0 485 10 37 205
1555497532 65394 5398 5858 843 21 0 485 10 37 205
1555498416 65394 5409 5858 843 21 0 485 10 37 205
1555559536 65394 5458 5858 843 21 0 485 10 37 205
1555578512 65394 5506 5858 843 21 0 485 10 37 205
1555670562 65394 5509 5858 843 21 0 485 10 37 205
1555670645 65394 5592 5858 843 21 0 485 10 37 205
1555753621 65394 5596 5858 843 21 0 485 10 37 205
1555757505 65394 5597 5858 843 21 0 485 10 37 205
1555770178 65837 5597 5858 843 21 0 485 10 37 205
1555842130 66170 5597 5858 843 21 0 485 10 37 205
1555871561 66276 5597 5858 843 21 0 485 10 37 205
1555916154 66276 5597 5858 843 21 0 485 10 37 205
1555917483 66276 5597 5858 843 21 0 485 10 37 205
1555918497 66445 5597 5858 843 21 0 485 10 37 205
1555926901 66445 5597 5858 843 21 0 485 10 37 205
1555953476 66451 5597 5858 843 21 0 485 10 37 205
1556011159 66538 5597 5858 843 21 0 485 10 37 205
1556011803 66538 5685 5858 843 21 0 485 10 37 205
1556015829 66544 5685 5858 843 21 0 485 10 37 205
1556072775 66546 5685 5858 843 21 0 485 10 37 205
1556072973 66548 5685 5858 843 21 0 485 10 37 205
1556075430 66564 5685 5858 843 21 0 485 10 37 205
1556079613 66564 5685 5858 843 21 0 485 10 37 205
1556085716 66578 5685 5858 843 21 0 485 10 37 205
1556090008 66578 5712 5858 843 21 0 485 10 37 205
1556243960 66715 5712 5858 843 21 0 485 10 37 205
1556251962 66715 5893 5858 843 21 0 485 10 37 205
1556254068 66715 5914 5858 843 21 0 485 10 37 205
1556262604 66715 5954 5858 843 21 0 485 10 37 205
1556265013 66715 5970 5858 843 21 0 485 10 37 205
1556267023 66715 5999 5858 843 21 0 485 10 37 205
1556270059 66883 5999 5858 843 21 0 485 10 37 205
1556272133 66883 6000 5858 843 21 0 485 10 37 205
1556274309 66883 6000 5858 843 21 0 485 10 37 205
1556384240 67120 6000 5858 843 21 0 485 10 37 205
1556426572 67265 6000 5858 843 21 0 485 10 37 205
1556430165 67299 6000 5858 843 21 0 485 10 37 205
1556467555 67355 6000 5858 843 21 0 485 10 37 205
1556529432 67355 6006 5858 843 21 0 485 10 37 205
1556533260 67508 6006 5858 843 21 0 485 10 37 205
1556642278 67606 6006 5858 843 21 0 485 10 37 205
1556726325 67630 6006 5858 843 21 0 485 10 37 205
1556726974 67631 6006 5858 843 21 0 485 10 37 205
1556764369 67640 6006 5858 843 21 0 485 10 37 205
1556764410 67640 6006 5858 843 21 0 485 10 37 205
1556815102 67640 6111 5858 843 21 0 485 10 37 205
1556937052 68217 6111 5858 843 21 0 485 10 37 205
1557107759 68386 6111 5858 843 21 0 485 10 37 205
1557131611 68406 6111 5858 843 21 0 485 10 37 205
1557290276 68406 6257 5858 843 21 0 485 10 37 205
1557290303 68406 6302 5858 843 21 0 485 10 37 205
1557290339 68406 6363 5858 843 21 0 485 10 37 205
1557292144 68406 6365 5858 843 21 0 485 10 37 205
1557318443 68588 6365 5858 843 21 0 485 10 37 205
1557384656 68588 6367 5858 843 21 0 485 10 37 205
1557387822 68588 6367 5858 843 21 0 485 10 37 205
1557388633 68588 6370 5858 843 21 0 485 10 37 205
1557389193 68588 6371 5858 843 21 0 485 10 37 205
1557465364 68588 6409 5858 843 21 0 485 10 37 205
1557465742 68588 6418 5858 843 21 0 485 10 37 205
1557480923 68588 6509 5858 843 21 0 485 10 37 205
1557483893 68685 6509 5858 843 21 0 485 10 37 205
1557483948 68685 6511 5858 843 21 0 485 10 37 205
1557666948 69435 6511 5858 843 21 0 485 10 37 205
1557679187 69480 6511 5858 843 21 0 485 10 37 205
1557680434 69480 6511 5858 843 21 0 485 10 37 205
1557717019 69480 6511 5858 843 21 0 485 10 37 205
1557728627 69480 6521 5858 843 21 0 485 10 37 205
1557734779 69480 6527 5858 843 21 0 485 10 37 205
1557735729 69504 6527 5858 843 21 0 485 10 37 205
1557736028 69504 6527 5858 843 21 0 485 10 37 205
1557745056 69504 6538 5858 843 21 0 485 10 37 205
1557808825 69551 6538 5858 843 21 0 485 10 37 205
1557808954 69552 6538 5858 843 21 0 485 10 37 205
1557812480 69552 6584 5858 843 21 0 485 10 37 205
1557812532 69552 6595 5858 843 21 0 485 10 37 205
1557812570 69552 6595 5858 843 21 0 485 10 37 205
1557825279 69565 6595 5858 843 21 0 485 10 37 205
1557895698 69565 6597 5858 843 21 0 485 10 37 205
1557895737 69565 6597 5858 843 21 0 485 10 37 205
1557896514 69565 6622 5858 843 21 0 485 10 37 205
1557896545 69565 6622 5858 843 21 0 485 10 37 205
1557897454 69565 6642 5858 843 21 0 485 10 37 205
1557906982 69565 6690 5858 843 21 0 485 10 37 205
1557907057 69565 6793 5858 843 21 0 485 10 37 205
1557922519 69587 6793 5858 843 21 0 485 10 37 205
1557922605 69587 6793 5858 843 21 0 485 10 37 205
1557981837 69587 6901 5858 843 21 0 485 10 37 205
1557981883 69587 6906 5858 843 21 0 485 10 37 205
1557982203 69587 6906 5858 843 21 0 485 10 37 205
1557999139 69587 6906 5858 843 21 0 485 10 37 205
1557999393 69587 6991 5858 843 21 0 485 10 37 205
1557999859 69587 6992 5858 843 21 0 485 10 37 205
1558001879 69608 6992 5858 843 21 0 485 10 37 205
1558003501 69608 6992 5858 843 21 0 485 10 37 205
1558004162 69611 6992 5858 843 21 0 485 10 37 205
1558005506 69615 6992 5858 843 21 0 485 10 37 205
1558068032 69615 6992 5858 843 21 0 485 10 37 205
1558143036 69615 7040 5858 843 21 0 485 10 37 205
1558153802 69615 7090 5858 843 21 0 485 10 37 205
1558165864 69631 7090 5858 843 21 0 485 10 37 205
1558167999 69631 7090 5858 843 21 0 485 10 37 205
1558169012 69631 7090 5858 843 21 0 485 10 37 205
1558176214 69631 7090 5858 843 21 0 485 10 37 205
1558196435 69631 7114 5858 843 21 0 485 10 37 205
1558200602 69701 7114 5858 843 21 0 485 10 37 205
1558243565 69714 7114 5858 843 21 0 485 10 37 205
1558246071 69714 7114 5858 843 21 0 485 10 37 205
1558431521 69714 7186 5858 843 21 0 485 10 37 205
1558431941 69714 7188 5858 843 21 0 485 10 37 205
1558432361 69714 7188 5858 843 21 0 485 10 37 205
1558501774 69815 7188 5858 843 21 0 485 10 37 205
1558511674 69815 7192 5858 843 21 0 485 10 37 205
1558540408 69816 7192 5858 843 21 0 485 10 37 205
1558596567 69816 7192 5858 843 21 0 485 10 37 205
1558600748 69816 7192 5858 843 21 0 485 10 37 205
1558604262 69816 7192 5858 843 21 0 485 10 37 205
1558673728 69816 7192 5858 843 21 0 485 10 37 205
1558693041 69869 7192 5858 843 21 0 485 10 37 205
1559201797 69892 7192 5858 843 21 0 485 10 37 205
1559269485 69897 7192 5858 843 21 0 485 10 37 205
1559647099 70133 7192 5858 843 21 0 485 10 37 205
1559698345 70135 7192 5858 843 21 0 485 10 37 205
1559735823 70213 7192 5858 843 21 0 485 10 37 205
1559814438 70245 7192 5858 843 21 0 485 10 37 205
1559887882 70338 7192 5858 843 21 0 485 10 37 205
1559888188 70338 7192 5858 843 21 0 485 10 37 205
1559900229 70338 7240 5858 843 21 0 485 10 37 205
1560142672 70338 7285 5858 843 21 0 485 10 37 205
1560151747 70338 7290 5858 843 21 0 485 10 37 205
1560251985 71075 7290 5858 843 21 0 485 10 37 205
1560271344 71075 7290 5858 843 21 0 485 10 37 205
1560282261 71075 7290 5858 845 21 0 485 10 37 205
1560330872 71162 7290 5858 845 21 0 485 10 37 205
1560331741 71162 7290 5858 845 21 0 485 10 37 205
1560331846 71162 7290 5858 845 21 0 485 10 37 205
1560371329 71162 7290 5858 846 21 0 485 10 37 205
1560391621 71170 7290 5858 846 21 0 485 10 37 205
1560391723 71170 7290 5858 846 21 0 485 10 37 205
1560394956 71171 7290 5858 846 21 0 485 10 37 205
1560483408 71182 7290 5858 846 21 0 485 10 37 205
1560496048 71188 7290 5858 846 21 0 485 10 37 205
1560498292 71189 7290 5858 846 21 0 485 10 37 205
1560506181 71189 7315 5858 846 21 0 485 10 37 205
1560518371 71189 7315 5858 846 21 0 485 10 37 205
1560794514 71215 7315 5858 846 21 0 485 10 37 205
1560878117 71235 7315 5858 846 21 0 485 10 37 205
1560918503 71268 7315 5858 846 21 0 485 10 37 205
1560927666 71268 7339 5858 846 21 0 485 10 37 205
1560927915 71269 7339 5858 846 21 0 485 10 37 205
1560936685 71269 7339 5858 846 21 0 485 10 37 205
1560941537 71269 7353 5858 846 21 0 485 10 37 205
1560941935 71271 7353 5858 846 21 0 485 10 37 205
1561003697 71271 7353 5858 846 21 0 485 10 37 205
1561037341 71367 7353 5858 846 21 0 485 10 37 205
1561038011 71367 7353 5858 846 21 0 485 10 37 205
1561053328 71404 7353 5858 846 21 0 485 10 37 205
1561053586 71404 7353 5858 846 21 0 485 10 37 205
1561089091 71404 7446 5858 846 21 0 485 10 37 205
1561089175 71404 7498 5858 846 21 0 485 10 37 205
1561090386 71404 7498 5858 846 21 0 485 10 37 205
1561340909 71430 7498 5858 846 21 0 485 10 37 205
1561357174 71464 7498 5858 846 21 0 485 10 37 205
1561370260 71480 7498 5858 846 21 0 485 10 37 205
1561448164 71480 7498 5858 846 21 0 485 10 37 205
1561449246 71480 7498 5858 846 21 0 485 10 37 205
1561449379 71480 7502 5858 846 21 0 485 10 37 205
1561449582 71480 7583 5858 846 21 0 485 10 37 205
1561449836 71480 7584 5858 846 21 0 485 10 37 205
1561450111 71480 7593 5858 846 21 0 485 10 37 205
1561450242 71480 7593 5858 846 21 0 485 10 37 205
1561469439 71480 7600 5858 846 21 0 485 10 37 205
1561608263 71480 7673 5858 846 21 0 485 10 37 205
1561634401 71874 7673 5858 846 21 0 485 10 37 205
1561635371 71874 7789 5858 846 21 0 485 10 37 205
1561636710 71874 7791 5858 846 21 0 485 10 37 205
1561636873 71874 7805 5858 846 21 0 485 10 37 205
1561707770 71970 7805 5858 846 21 0 485 10 37 205
1561717292 72019 7805 5858 846 21 0 485 10 37 205
1561969290 72019 7919 5858 846 21 0 485 10 37 205
1561973580 72019 8177 5858 846 21 0 485 10 37 205
1562042558 72019 8515 5858 846 21 0 485 10 37 205
1562051669 72019 8569 5858 846 21 0 485 10 37 205
1562143480 72092 8569 5858 846 21 0 485 10 37 205
1562150335 72138 8569 5858 846 21 0 485 10 37 205
1562151968 72138 8631 5858 846 21 0 485 10 37 205
1562217773 72138 8657 5858 846 21 0 485 10 37 205
1562221624 72138 8659 5858 846 21 0 485 10 37 205
1562228727 72139 8659 5858 846 21 0 485 10 37 205
1562247851 72154 8659 5858 846 21 0 485 10 37 205
1562301379 72165 8659 5858 846 21 0 485 10 37 205
1562313284 72212 8659 5858 846 21 0 485 10 37 205
1562313351 72212 8659 5858 846 21 0 485 10 37 205
1562313660 72212 8659 5858 846 21 0 485 10 37 205
1562313740 72212 8659 5858 846 21 0 485 10 37 205
1562318400 72212 8660 5858 846 21 0 485 10 37 205
1562318914 72216 8660 5858 846 21 0 485 10 37 205
1562321171 72216 8664 5858 846 21 0 485 10 37 205
1562321754 72216 8664 5858 846 21 0 485 10 37 205
1562321847 72216 8664 5858 846 21 0 485 10 37 205
1562326123 72216 8705 5858 846 21 0 485 10 37 205
1562326340 72216 8707 5858 846 21 0 485 10 37 205
1562327152 72216 8708 5858 846 21 0 485 10 37 205
1562331872 72216 8708 5858 846 21 0 485 10 37 205
1562390053 72216 8708 5858 849 21 0 485 10 37 205
1562391381 72216 8708 5858 889 21 0 485 10 37 205
1562398556 72218 8708 5858 889 21 0 485 10 37 205
1562408649 72219 8708 5858 889 21 0 485 10 37 205
1562498437 72285 8708 5858 889 21 0 485 10 37 205
1562599553 72285 8717 5858 889 21 0 485 10 37 205
1562600148 72285 8722 5858 889 21 0 485 10 37 205
1562603694 72285 8725 5858 889 21 0 485 10 37 205
1562604951 72288 8725 5858 889 21 0 485 10 37 205
1562607601 72288 8730 5858 889 21 0 485 10 37 205
1562641350 72288 8732 5858 889 21 0 485 10 37 205
1562643666 72289 8732 5858 889 21 0 485 10 37 205
1562647065 72289 8732 5858 889 21 0 485 10 37 205
1562651643 72289 8732 5858 889 21 0 485 10 37 205
1562695988 72422 8732 5858 889 21 0 485 10 37 205
1562726393 72422 8732 5858 889 21 0 485 10 37 205
1562727579 72422 8743 5858 889 21 0 485 10 37 205
1562731819 72422 8743 5858 889 21 0 485 10 37 205
1562753180 72422 8753 5858 889 21 0 485 10 37 205
1562838912 72550 8753 5858 889 21 0 485 10 37 205
1562843129 72550 8753 5858 889 21 0 485 10 37 205
1562918549 72550 8753 5858 889 21 0 485 10 37 205
1562926215 72550 8798 5858 889 21 0 485 10 37 205
1562927922 72573 8798 5858 889 21 0 485 10 37 205
1562928732 72573 8798 5858 889 21 0 485 10 37 205
1563007729 72599 8798 5858 889 21 0 485 10 37 205
1563079542 72611 8798 5858 889 21 0 485 10 37 205
1563083470 72613 8798 5858 889 21 0 485 10 37 205
1563085295 72614 8798 5858 889 21 0 485 10 37 205
1563249400 72614 8798 5858 889 21 0 485 10 37 205
1563343413 72614 8889 5858 889 21 0 485 10 37 205
1563351948 73212 8889 5858 889 21 0 485 10 37 205
1563353125 73212 8889 5858 889 21 0 485 10 37 205
1563362546 73212 8995 5858 889 21 0 485 10 37 205
1563364005 73212 8998 5858 889 21 0 485 10 37 205
1563420855 73212 9006 5858 889 21 0 485 10 37 205
1563515136 73812 9006 5858 889 21 0 485 10 37 205
1563516092 73812 9006 5858 889 21 0 485 10 37 205
1563784108 73833 9006 5858 889 21 0 485 10 37 205
1563790106 73838 9006 5858 889 21 0 485 10 37 205
1563818491 73854 9006 5858 889 21 0 485 10 37 205
1563846740 73854 9006 5858 889 21 0 485 10 37 205
1563849394 73854 9006 5858 889 21 0 485 10 37 205
1564040397 73854 9008 5858 889 21 0 485 10 37 205
1564048714 73854 9009 5858 889 21 0 485 10 37 205
1564050662 73922 9009 5858 889 21 0 485 10 37 205
1564476156 74063 9009 5858 889 21 0 485 10 37 205
1564476385 74235 9009 5858 889 21 0 485 10 37 205
1564481755 74238 9009 5858 889 21 0 485 10 37 205
1564630568 74245 9009 5858 889 21 0 485 10 37 205
1564630629 74379 9009 5858 889 21 0 485 10 37 205
1564631754 74379 9009 5858 889 21 0 485 10 37 205
1564632042 74379 9009 5858 889 21 0 485 10 37 205
1564632195 74379 9009 5858 889 21 0 485 10 37 205
1564633660 74379 9009 5858 889 21 0 485 10 37 205
1564816486 74387 9009 5858 889 21 0 485 10 37 205
1564820332 74390 9009 5858 889 21 0 485 10 37 205
1564997752 74390 9009 5858 889 21 0 485 10 37 205
1565057151 74685 9009 5858 889 21 0 485 10 37 205
1565062099 74685 9025 5858 889 21 0 485 10 37 205
1565062278 74685 9030 5858 889 21 0 485 10 37 205
1565062486 74685 9030 5858 889 21 0 485 10 37 205
1565067390 74685 9030 5858 889 21 0 485 10 37 205
1565147065 74685 9030 5858 889 21 0 485 10 37 205
1565236443 74685 9031 5858 889 21 0 485 10 37 205
1565241451 74685 9031 5858 889 21 0 485 10 37 205
1565245700 74685 9031 5858 889 21 0 485 10 37 205
1565260984 77252 9031 5858 889 21 0 485 10 37 205
1565265154 77252 9031 5858 889 21 0 485 10 37 205
1565335285 77252 9062 5858 889 21 0 485 10 37 205
1565335333 77252 9062 5858 889 21 0 485 10 37 205
1565337974 77676 9062 5858 889 21 0 485 10 37 205
1565339530 77676 9116 5858 889 21 0 485 10 37 205
1565344131 77680 9116 5858 889 21 0 485 10 37 205
1565361562 77680 9140 5858 889 21 0 485 10 37 205
1565544702 77687 9140 5858 889 21 0 485 10 37 205
1565581022 77687 9140 5858 889 21 0 485 10 37 205
1565581738 77687 9140 5858 889 21 0 485 10 37 205
1565592477 77687 9142 5858 889 21 0 485 10 37 205
1565608194 77955 9142 5858 889 21 0 485 10 37 205
1565682254 78258 9142 5858 889 21 0 485 10 37 205
1565682307 78258 9142 5858 889 21 0 485 10 37 205
1565759406 78669 9142 5858 889 21 0 485 10 37 205
1565837325 78994 9142 5858 889 21 0 485 10 37 205
1565863047 79133 9142 5858 889 21 0 485 10 37 205
1565867448 79142 9142 5858 889 21 0 485 10 37 205
1565868765 79181 9142 5858 889 21 0 485 10 37 205
1566030210 79899 9142 5858 889 21 0 485 10 37 205
1566352951 80056 9142 5858 889 21 0 485 10 37 205
1566355169 80056 9142 5858 889 21 0 485 10 37 205
1566449495 80115 9142 5858 889 21 0 485 10 37 205
1566549890 80635 9142 5858 889 21 0 485 10 37 205
1566645420 81271 9142 5858 889 21 0 485 10 37 205
1566787238 81890 9142 5858 889 21 0 485 10 37 205
1566894689 83501 9142 5858 889 21 0 485 10 37 205
1567013486 83966 9142 5858 889 21 0 485 10 37 205
1567070866 83966 9802 5858 889 21 0 485 10 37 205
1567163631 85248 9802 5858 889 21 0 485 10 37 205
1567165425 85276 9802 5858 889 21 0 485 10 37 205
1567479840 87274 9802 5858 889 21 0 485 10 37 205
1567503741 87274 10138 5858 889 21 0 485 10 37 205
1567514688 87274 10308 5858 889 21 0 485 10 37 205
1567585498 87274 10663 5858 889 21 0 485 10 37 205
1567585907 87310 10663 5858 889 21 0 485 10 37 205
1567585957 87310 10663 5858 889 21 0 485 10 37 205
1567682860 88987 10663 5858 889 21 0 485 10 37 205
1567990689 89587 10663 5858 889 21 0 485 10 37 205
1568046741 89615 10663 5858 889 21 0 485 10 37 205
1568109269 90542 10663 5858 889 21 0 485 10 37 205
1568604295 94399 10663 5858 889 21 0 485 10 37 205
1568965569 94916 10663 5858 889 21 0 485 10 37 205
1568965608 94918 10663 5858 889 21 0 485 10 37 205
1568970271 94918 10663 5858 889 21 0 485 10 37 205
1569207309 95030 10663 5858 889 21 0 485 10 37 205
1569233252 95055 10663 5858 889 21 0 485 10 37 205
1569234549 95055 10663 5858 889 21 0 485 10 37 205
1569385468 95055 10664 5858 889 21 0 485 10 37 205
1569385583 95055 10664 5858 889 21 0 485 10 37 205
1569578383 95328 10664 5858 889 21 0 485 10 37 205
1569587405 95328 10665 5858 889 21 0 485 10 37 205
1569588261 95328 10665 5858 889 21 0 485 10 37 205
1569638118 95339 10665 5858 889 21 0 485 10 37 205
1569644349 95366 10665 5858 889 21 0 485 10 37 205
1569659969 95410 10665 5858 889 21 0 485 10 37 205
1569814046 95422 10665 5858 889 21 0 485 10 37 205
1570263823 95422 10666 5858 889 21 0 485 10 37 205
1570332143 95422 10771 5858 889 21 0 485 10 37 205
1570432666 95438 10771 5858 889 21 0 485 10 37 205
1570435606 95438 10771 5858 889 21 0 485 10 37 205
1570700312 95784 10771 5858 889 21 0 485 10 37 205
1570706437 95787 10771 5858 889 21 0 485 10 37 205
1570707026 95787 10771 5858 889 21 0 485 10 37 205
1570791621 95787 10857 5858 889 21 0 485 10 37 205
1570791704 95787 10857 5858 889 21 0 485 10 37 205
1570968135 95787 10859 5858 889 21 0 485 10 37 205
1571218553 95787 11180 5858 889 21 0 485 10 37 205
1571222948 96509 11180 5858 889 21 0 485 10 37 205
1571227497 96509 11235 5858 889 21 0 485 10 37 205
1571285782 96509 11254 5858 889 21 0 485 10 37 205
1571286066 96509 11254 5858 889 21 0 485 10 37 205
1571288103 96509 11509 5858 889 21 0 485 10 37 205
1571588604 96509 11515 5858 889 21 0 485 10 37 205
1571715486 96509 11515 5858 889 21 0 485 10 37 205
1571717083 96509 11515 5858 889 21 0 485 10 37 205
1571803733 96509 11518 5858 889 21 0 485 10 37 205
1571805408 96509 11520 5858 889 21 0 485 10 37 205
1571809587 96509 11530 5858 889 21 0 485 10 37 205
1571819828 96509 11531 5858 889 21 0 485 10 37 205
1571914088 96509 11688 5858 889 21 0 485 10 37 205
1571914397 96509 11688 5858 889 21 0 485 10 37 205
1572493773 96576 11688 5858 889 21 0 485 10 37 205
1572509615 96587 11688 5858 889 21 0 485 10 37 205
1572582742 96687 11688 5858 889 21 0 485 10 37 205
1572591116 96687 11698 5858 889 21 0 485 10 37 205
1572627128 96704 11698 5858 889 21 0 485 10 37 205
1572764243 96722 11698 5858 889 21 0 485 10 37 205
1572776889 96762 11698 5858 889 21 0 485 10 37 205
1572833828 96762 11698 5858 889 21 0 485 10 37 205
1572838926 96762 11698 5858 889 21 0 485 10 37 205
1572842399 96762 11698 5858 889 21 0 485 10 37 205
1572842662 96762 11698 5858 889 21 0 485 10 37 205
1572848269 96762 11698 5858 889 21 0 485 10 37 205
1572857537 96762 11721 5858 889 21 0 485 10 37 205
1572865918 96766 11721 5858 889 21 0 485 10 37 205
1573027537 96802 11721 5858 889 21 0 485 10 37 205
1573121232 97988 11721 5858 889 21 0 485 10 37 205
1573185571 97994 11721 5858 889 21 0 485 10 37 205
1573720038 97994 11721 5858 889 21 0 485 10 37 205
1573756694 98145 11721 5858 889 21 0 485 10 37 205
1573758250 98148 11721 5858 889 21 0 485 10 37 205
1573792506 98181 11721 5858 889 21 0 485 10 37 205
1573795898 98194 11721 5858 889 21 0 485 10 37 205
1573818034 98201 11721 5858 889 21 0 485 10 37 205
1573820518 98220 11721 5858 889 21 0 485 10 37 205
1573822905 98223 11721 5858 889 21 0 485 10 37 205
1573897355 98241 11721 5858 889 21 0 485 10 37 205
1573950856 98245 11721 5858 889 21 0 485 10 37 205
1573980788 98246 11721 5858 889 21 0 485 10 37 205
1574045821 98246 11721 5858 889 21 0 485 10 37 205
1574240123 98582 11721 5858 889 21 0 485 10 37 205
1574415329 98582 11731 5858 889 21 0 485 10 37 205
1574416758 98582 11731 5858 889 21 0 485 10 37 205
1574417138 98582 11731 5858 889 21 0 485 10 37 205
1574850476 98582 11802 5858 889 21 0 485 10 37 205
1574922865 98582 11829 5858 889 21 0 485 10 37 205
1574925909 98784 11829 5858 889 21 0 485 10 37 205
1574925931 98784 11829 5858 889 21 0 485 10 37 205
1574929524 98791 11829 5858 889 21 0 485 10 37 205
1574930369 98791 11829 5858 889 21 0 485 10 37 205
1574934443 98791 11829 5858 889 21 0 485 10 37 205
1575023926 98792 11829 5858 889 21 0 485 10 37 205
1575112132 98792 11995 5858 889 21 0 485 10 37 205
1575190005 98792 12006 5858 889 21 0 485 10 37 205
1575252880 98792 12006 5858 889 21 0 485 10 37 205
1575359166 99062 12006 5858 889 21 0 485 10 37 205
1575433259 99062 12023 5858 889 21 0 485 10 37 205
1575532143 99565 12023 5858 889 21 0 485 10 37 205
1575535927 99565 12023 5858 889 21 0 485 10 37 205
1575624094 99565 12122 5858 889 21 0 485 10 37 205
1575948301 100045 12122 5858 889 21 0 485 10 37 205
1577099147 100045 12222 5858 889 21 0 485 10 37 205
1577099204 100045 12543 5858 889 21 0 485 10 37 205
1577328568 100193 12543 5858 889 21 0 485 10 37 205
1577350726 100193 12623 5858 889 21 0 485 10 37 205
1577353999 100193 12667 5858 889 21 0 485 10 37 205
1577446469 100193 12726 5858 889 21 0 485 10 37 205
1577446493 100193 12756 5858 889 21 0 485 10 37 205
1577704079 100193 12802 5858 889 21 0 485 10 37 205
1577704099 100193 12805 5858 889 21 0 485 10 37 205
1577790246 100193 12822 5858 889 21 0 485 10 37 205
1577793477 100193 12842 5858 889 21 0 485 10 37 205
1577880008 100193 12905 5858 889 21 0 485 10 37 205
1577963670 100193 12924 5858 889 21 0 485 10 37 205
1578034001 100193 12947 5858 889 21 0 485 10 37 205
1578055779 100193 12947 5858 889 21 0 485 10 37 205
1578066647 100475 12947 5858 889 21 0 485 10 37 205
1578889475 100621 12947 5858 889 21 0 485 10 37 205
1578900146 100643 12947 5858 889 21 0 485 10 37 205
1579106316 100643 12947 5858 889 21 0 485 20 37 205
1579106407 100643 12947 5858 889 21 0 485 20 37 205
1579758060 101107 12947 5858 889 21 0 485 20 37 205
1581387460 102167 12947 5858 889 21 0 485 20 37 205
1581394098 102167 12947 5858 889 21 0 485 20 37 205
1581588987 102435 12947 5858 889 21 0 485 20 37 205
1582046907 102487 12947 5858 889 21 0 485 20 37 205
1583325129 102595 12947 5858 889 21 0 485 20 37 205
1583772350 103127 12947 5858 889 21 0 485 20 37 205
1583811853 103129 12947 5858 889 21 0 485 20 37 205
1583987534 103470 12947 5858 889 21 0 485 20 37 205
1583987892 103477 12947 5858 889 21 0 485 20 37 205
1584085185 103531 12947 5858 889 21 0 485 20 37 205
1584433357 103549 12947 5858 889 21 0 485 20 37 205
1584613825 103941 12947 5858 889 21 0 485 20 37 205
1584668191 103959 12947 5858 889 21 0 485 20 37 205
1584944990 104144 12947 5858 889 21 0 485 20 37 205
1584978630 104147 12947 5858 889 21 0 485 20 37 205
1584979988 104147 12957 5858 889 21 0 485 20 37 205
1584979996 104147 12957 5858 889 21 0 485 20 37 205
1585025590 104147 12968 5858 889 21 0 485 20 37 205
1585032656 104147 13016 5858 889 21 0 485 20 37 205
1585033024 104147 13024 5858 889 21 0 485 20 37 205
1585039230 104147 13036 5858 889 21 0 485 20 37 205
1585062876 104351 13036 5858 889 21 0 485 20 37 205
1585062906 104351 13036 5858 889 21 0 485 20 37 205
1585069439 104351 13174 5858 889 21 0 485 20 37 205
1585069449 104351 13174 5858 889 21 0 485 20 37 205
1585103167 104360 13174 5858 889 21 0 485 20 37 205
1585125128 104360 13177 5858 889 21 0 485 20 37 205
1585139344 104411 13177 5858 889 21 0 485 20 37 205
1585202266 104420 13177 5858 889 21 0 485 20 37 205
1585205051 104420 13183 5858 889 21 0 485 20 37 205
1585206926 104420 13192 5858 889 21 0 485 20 37 205
1585206934 104420 13192 5858 889 21 0 485 20 37 205
1585386794 104551 13192 5858 889 21 0 485 20 37 205
1585564905 104571 13192 5858 889 21 0 485 20 37 205
1585594343 104571 13277 5858 889 21 0 485 20 37 205
1585594352 104571 13277 5858 889 21 0 485 20 37 205
1585616331 104578 13277 5858 889 21 0 485 20 37 205
1585736549 104578 13284 5858 889 21 0 485 20 37 205
1585736570 104578 13355 5858 889 21 0 485 20 37 205
1585879866 104597 13355 5858 889 21 0 485 20 37 205
1585989859 104597 13363 5858 889 21 0 485 20 37 205
1586163785 104685 13363 5858 889 21 0 485 20 37 205
1586336902 104697 13363 5858 889 21 0 485 20 37 205
1586407272 104697 13533 5858 889 21 0 485 20 37 205
1586423775 104697 13543 5858 889 21 0 485 20 37 205
1586427831 104697 13546 5858 889 21 0 485 20 37 205
1586488395 104697 13557 5858 889 21 0 485 20 37 205
1586488660 104697 13668 5858 889 21 0 485 20 37 205
1586488705 104697 13678 5858 889 21 0 485 20 37 205
1586488816 104697 13678 5858 889 21 0 485 20 37 205
1586508088 104697 13688 5858 889 21 0 485 20 37 205
1586508101 104697 13688 5858 889 21 0 485 20 37 205
1586630024 104697 13761 5858 889 21 0 485 20 37 205
1586716692 104697 13852 5858 889 21 0 485 20 37 205
1586783714 104697 14035 5858 889 21 0 485 20 37 205
1586793906 104697 14037 5858 889 21 0 485 20 37 205
1586888000 104697 14212 5858 889 21 0 485 20 37 205
1586948293 104891 14212 5858 889 21 0 485 20 37 205
1587020041 104891 14212 5858 889 21 0 485 20 37 205
1587124688 104907 14212 5858 889 21 0 485 20 37 205
1587183707 104916 14212 5858 889 21 0 485 20 37 205
1587372361 104916 14494 5858 889 21 0 485 20 37 205
1587387994 104916 14571 5858 889 21 0 485 20 37 205
1587434983 104924 14571 5858 889 21 0 485 20 37 205
1587442606 104925 14571 5858 889 21 0 485 20 37 205
1587456352 104925 14583 5858 889 21 0 485 20 37 205
1587477981 105001 14583 5858 889 21 0 485 20 37 205
1587540532 105001 14584 5858 889 21 0 485 20 37 205
1587548144 105001 14584 5858 889 21 0 485 20 37 205
1587548971 105001 14584 5858 889 21 0 485 20 37 205
1587549226 105001 14584 5858 889 21 0 485 20 37 205
1587549335 105001 14585 5858 889 21 0 485 20 37 205
1587623995 105001 14586 5858 889 21 0 485 20 37 205
1587624019 105001 14586 5858 889 21 0 485 20 37 205
1587624234 105001 14614 5858 889 21 0 485 20 37 205
1587624266 105001 14614 5858 889 21 0 485 20 37 205
1587624307 105001 14614 5858 889 21 0 485 20 37 205
1587624407 105001 14614 5858 889 21 0 485 20 37 205
1587727498 105001 14656 5858 889 21 0 485 20 37 205
1587882243 105006 14656 5858 889 21 0 485 20 37 205
1587882296 105418 14656 5858 889 21 0 485 20 37 205
1587924313 105418 14685 5858 889 21 0 485 20 37 205
1587972556 105418 14729 5858 889 21 0 485 20 37 205
1588047852 105609 14729 5858 889 21 0 485 20 37 205
1588097078 105609 14824 5858 889 21 0 485 20 37 205
1588329772 105722 14824 5858 889 21 0 485 20 37 205
1588393739 105722 15022 5858 889 21 0 485 20 37 205
1588583028 105722 15131 5858 889 21 0 485 20 37 205
1588590920 105722 15201 5858 889 21 0 485 20 37 205
1588657101 105722 15229 5858 889 21 0 485 20 37 205
1588657332 105722 15229 5858 889 21 0 485 20 37 205
1588658489 105722 15230 5858 889 21 0 485 20 37 205
1588677806 105745 15230 5858 889 21 0 485 20 37 205
1588684162 105745 15309 5858 889 21 0 485 20 37 205
1588744172 105781 15309 5858 889 21 0 485 20 37 205
1588762704 105781 15323 5858 889 21 0 485 20 37 205
1588872809 105781 15480 5858 889 21 0 485 20 37 205
1588934205 105781 15587 5858 889 21 0 485 20 37 205
1589165399 105781 15587 5858 889 21 0 485 20 37 205
1589197166 105781 15714 5858 889 21 0 485 20 37 205
1589259683 105781 15725 5858 889 21 0 485 20 37 205
1589299910 105781 15764 5858 889 21 0 485 20 37 205
1589344577 105781 15880 5858 889 21 0 485 20 37 205
1589352312 105781 15910 5858 889 21 0 485 20 37 205
1589355654 105781 15997 5858 889 21 0 485 20 37 205
1589356205 105781 16020 5858 889 21 0 485 20 37 205
1589362228 105781 16073 5858 889 21 0 485 20 37 205
1589365637 105781 16074 5858 889 21 0 485 20 37 205
1589367781 105781 16077 5858 889 21 0 485 20 37 205
1589437900 106550 16077 5858 889 21 0 485 20 37 205
1589438076 106552 16077 5858 889 21 0 485 20 37 205
1589467668 106552 16245 5858 889 21 0 485 20 37 205
1589472118 106552 16251 5858 889 21 0 485 20 37 205
1589474408 106552 16258 5858 889 21 0 485 20 37 205
1589476869 106552 16266 5858 889 21 0 485 20 37 205
1589480730 106552 16272 5858 889 21 0 485 20 37 205
1589517138 106552 16272 5858 889 21 0 485 20 37 205
1589537042 106552 16429 5858 889 21 0 485 20 37 205
1589539254 106552 16461 5858 889 21 0 485 20 37 205
1589539347 106552 16462 5858 889 21 0 485 20 37 205
1589552275 106552 16470 5858 889 21 0 485 20 37 205
1589554304 106838 16470 5858 889 21 0 485 20 37 205
1589556909 106858 16470 5858 889 21 0 485 20 37 205
1589557275 106858 16470 5858 889 21 0 485 20 37 205
1589559076 106858 16470 5858 889 21 0 485 20 37 205
1589564733 106858 16470 5858 889 21 0 485 20 37 205
1589565037 106858 16470 5858 889 21 0 485 20 37 205
1589629273 106882 16470 5858 889 21 0 485 20 37 205
1589706591 106882 16470 5858 889 21 0 485 20 37 205
1589714432 106882 16471 5858 889 21 0 485 20 37 205
1589718670 106882 16476 5858 889 21 0 485 20 37 205
1589727922 106882 16487 5858 889 21 0 485 20 37 205
1589730566 106882 16488 5858 889 21 0 485 20 37 205
1589731029 106882 16488 5858 889 21 0 485 20 37 205
1589735398 106882 16516 5858 889 21 0 485 20 37 205
1589780633 106912 16516 5858 889 21 0 485 20 37 205
1589800692 106912 16539 5858 889 21 0 485 20 37 205
1589824891 106912 16571 5858 889 21 0 485 20 37 205
1589860379 106912 16593 5858 889 21 0 485 20 37 205
1589874061 106912 16658 5858 889 21 0 485 20 37 205
1589878988 106962 16658 5858 889 21 0 485 20 37 205
1589879565 106962 16665 5858 889 21 0 485 20 37 205
1589879575 106962 16665 5858 889 21 0 485 20 37 205
1589883190 106962 16677 5858 889 21 0 485 20 37 205
1589885546 106962 16686 5858 889 21 0 485 20 37 205
1589916333 107019 16686 5858 889 21 0 485 20 37 205
1589951388 107020 16686 5858 889 21 0 485 20 37 205
1589960771 107021 16686 5858 889 21 0 485 20 37 205
1589967367 107021 16730 5858 889 21 0 485 20 37 205
1590046411 107021 16758 5858 889 21 0 485 20 37 205
1590046940 107021 16781 5858 889 21 0 485 20 37 205
1590052929 107021 16797 5858 889 21 0 485 20 37 205
1590053388 107021 16798 5858 889 21 0 485 20 37 205
1590123608 107021 16889 5858 889 21 0 485 20 37 205
1590182071 107045 16889 5858 889 21 0 485 20 37 205
1590232000 107045 16889 5858 889 21 0 485 20 37 205
1590245160 107045 16920 5858 889 21 0 485 20 37 205
1590248124 107045 16926 5858 889 21 0 485 20 37 205
1590379778 107045 16945 5858 889 21 0 485 20 37 205
1590383312 107045 16946 5858 889 21 0 485 20 37 205
1590392571 107056 16946 5858 889 21 0 485 20 37 205
1590394189 107056 16957 5858 889 21 0 485 20 37 205
1590398776 107056 16972 5858 889 21 0 485 20 37 205
1590400557 107056 16972 5858 889 21 0 485 20 37 205
1590400627 107056 16972 5858 889 21 0 485 20 37 205
1590403961 107060 16972 5858 889 21 0 485 20 37 205
1590406627 107060 16972 5858 889 21 0 485 20 37 205
1590476438 107181 16972 5858 889 21 0 485 20 37 205
1590476477 107181 16991 5858 889 21 0 485 20 37 205
1590479365 107181 16991 5858 889 21 0 485 20 37 205
1590495289 107183 16991 5858 889 21 0 485 20 37 205
1590497695 107183 17001 5858 889 21 0 485 20 37 205
1590498428 107183 17004 5858 889 21 0 485 20 37 205
1590502438 107183 17024 5858 889 21 0 485 20 37 205
1590510763 107231 17024 5858 889 21 0 485 20 37 205
1590566117 107231 17061 5858 889 21 0 485 20 37 205
1590566148 107231 17116 5858 889 21 0 485 20 37 205
1590566181 107231 17126 5858 889 21 0 485 20 37 205
1590568313 107231 17136 5858 889 21 0 485 20 37 205
1590569630 107231 17183 5858 889 21 0 485 20 37 205
1590647571 107231 17215 5858 889 21 0 485 20 37 205
1590647599 107231 17244 5858 889 21 0 485 20 37 205
1590655692 107231 17255 5858 889 21 0 485 20 37 205
1590722267 107285 17255 5858 889 21 0 485 20 37 205
1590926335 107285 17258 5858 889 21 0 485 20 37 205
1590926411 107285 17286 5858 889 21 0 485 20 37 205
1590929527 107285 17294 5858 889 21 0 485 20 37 205
1590979681 107285 17299 5858 889 21 0 485 20 37 205
1590995971 107285 17318 5858 889 21 0 485 20 37 205
1591006480 107324 17318 5858 889 21 0 485 20 37 205
1591018131 107324 17349 5858 889 21 0 485 20 37 205
1591096259 107397 17349 5858 889 21 0 485 20 37 205
1591159752 107397 17359 5858 889 21 0 485 20 37 205
1591168176 107412 17359 5858 889 21 0 485 20 37 205
1591179264 107417 17359 5858 889 21 0 485 20 37 205
1591207344 107417 17362 5858 889 21 0 485 20 37 205
1591207366 107417 17362 5858 889 21 0 485 20 37 205
1591233249 107424 17362 5858 889 21 0 485 20 37 205
1591241924 107430 17362 5858 889 21 0 485 20 37 205
1591252945 107436 17362 5858 889 21 0 485 20 37 205
1591262101 107436 17395 5858 889 21 0 485 20 37 205
1591281145 107448 17395 5858 889 21 0 485 20 37 205
1591345172 107449 17395 5858 889 21 0 485 20 37 205
1591345496 107502 17395 5858 889 21 0 485 20 37 205
1591346985 107502 17395 5858 889 21 0 485 20 37 205
1591440611 107502 17434 5858 889 21 0 485 20 37 205
1591443260 107507 17434 5858 889 21 0 485 20 37 205
1591531722 107536 17434 5858 889 21 0 485 20 37 205
1591608515 107547 17434 5858 889 21 0 485 20 37 205
1591615561 107547 17485 5858 889 21 0 485 20 37 205
1591672308 107547 17485 5858 889 21 0 485 20 37 205
1591677545 107547 17492 5858 889 21 0 485 20 37 205
1591678148 107547 17492 5858 889 21 0 485 20 37 205
1591686835 107547 17492 5858 889 21 0 485 20 37 205
1591687037 107547 17492 5858 889 21 0 485 20 37 205
1591687106 107547 17492 5858 889 21 0 485 20 37 205
1591687166 107547 17492 5858 889 21 7 485 20 37 205
1591687198 107547 17492 5858 889 21 7 485 20 37 205
1591688386 107547 17492 5858 889 21 7 485 20 37 205
1591720491 107611 17492 5858 889 21 7 485 20 37 205
1591782844 107611 17516 5858 889 21 7 485 20 37 205
1591782885 107611 17640 5858 889 21 7 485 20 37 205
1591791776 107611 17647 5858 889 21 7 485 20 37 205
1591792067 107611 17700 5858 889 21 7 485 20 37 205
1591806269 107617 17700 5858 889 21 7 485 20 37 205
1591836147 107618 17700 5858 889 21 7 485 20 37 205
1591839739 107618 17712 5858 889 21 7 485 20 37 205
1591844220 107618 17719 5858 889 21 7 485 20 37 205
1591844829 107618 17720 5858 889 21 7 485 20 37 205
1591851524 107618 17721 5858 889 21 7 485 20 37 205
1591854960 107618 17723 5858 889 21 7 485 20 37 205
1591863194 107618 17723 5858 889 21 7 485 20 37 205
1591952443 107618 17841 5858 889 21 7 485 20 37 205
1591997978 107679 17841 5858 889 21 7 485 20 37 205
1592060657 107683 17841 5858 889 21 7 485 20 37 205
1592216129 107810 17841 5858 889 21 7 485 20 37 205
1592295995 107815 17841 5858 889 21 7 485 20 37 205
1592304223 107815 17845 5858 889 21 7 485 20 37 205
1592485875 107815 17849 5858 889 21 7 485 20 37 205
1592553204 107815 17850 5858 889 21 7 485 20 37 205
1592648780 107815 17850 5858 889 21 7 485 20 37 205
1592895082 108036 17850 5858 889 21 7 485 20 37 205
1592903629 108036 17850 5858 889 21 7 485 20 37 205
1592963123 108040 17850 5858 889 21 7 485 20 37 205
1592980523 108040 17850 5858 889 21 7 485 20 37 205
1592982583 108040 17867 5858 889 21 7 485 20 37 205
1593055935 108040 17868 5858 889 21 7 485 20 37 205
1593077709 108089 17868 5858 889 21 7 485 20 37 205
1593506444 108089 17904 5858 889 21 7 485 20 37 205
1593513310 108089 17904 5858 889 21 7 485 20 37 205
1593589105 108089 17905 5858 889 21 7 485 20 37 205
1593678401 108089 17909 5858 889 21 7 485 20 37 205
1594097365 108094 17909 5858 889 21 7 485 20 37 205
1594269571 108094 17959 5858 889 21 7 485 20 37 205
1594269659 108094 18147 5858 889 21 7 485 20 37 205
1594290374 108094 18238 5858 889 21 7 485 20 37 205
1594367234 108094 18307 5858 889 21 7 485 20 37 205
1594786061 108094 18317 5858 889 21 7 485 20 37 205
1594883201 108094 18399 5858 889 21 7 485 20 37 205
1594951339 108094 18486 5858 889 21 7 485 20 37 205
1594955057 108094 18488 5858 889 21 7 485 20 37 205
1594972511 108094 18524 5858 889 21 7 485 20 37 205
1595047802 108094 18646 5858 889 21 7 485 20 37 205
1595066724 108094 18720 5858 889 21 7 485 20 37 205
1595213528 108094 18720 5858 889 21 7 485 20 37 205
1595216170 108094 18771 5858 889 21 7 485 20 37 205
1595322134 109080 18771 5858 889 21 7 485 20 37 205
1595403322 109086 18771 5858 889 21 7 485 20 37 205
1595502642 109132 18771 5858 889 21 7 485 20 37 205
1595846612 109493 18771 5858 889 21 7 485 20 37 205
1595913638 109493 18771 5858 889 21 7 485 20 37 205
1595913648 109493 18771 5858 889 21 7 485 20 37 205
1596025288 109510 18771 5858 889 21 7 485 20 37 205
1596089882 109542 18771 5858 889 21 7 485 20 37 205
1597207142 109584 18771 5858 889 21 7 485 20 37 205
1597233254 109634 18771 5858 889 21 7 485 20 37 205
1597732633 109714 18771 5858 889 21 7 485 20 37 205
1597912116 109714 18771 5858 889 21 7 485 35 37 205
1598032515 109715 18771 5858 889 21 7 485 35 37 205
1598308387 109715 18771 5858 889 21 7 485 35 37 205
1598529502 109828 18771 5858 889 21 7 485 35 37 205
1598601751 109828 18771 5858 889 21 7 485 35 37 205
1598617353 109953 18771 5858 889 21 7 485 35 37 205
1598840296 109953 18882 5858 889 21 7 485 35 37 205
1598847934 109979 18882 5858 889 21 7 485 35 37 205
1598848061 109979 18882 5858 889 21 7 485 35 37 205
1598955797 110475 18882 5858 889 21 7 485 35 37 205
1599043441 110484 18882 5858 889 21 7 485 35 37 205
1599057310 110493 18882 5858 889 21 7 485 35 37 205
1599122681 110953 18882 5858 889 21 7 485 35 37 205
1599154067 110957 18882 5858 889 21 7 485 35 37 205
1599202298 110957 18882 5858 889 21 7 485 35 37 205
1599224396 111077 18882 5858 889 21 7 485 35 37 205
1599243660 111088 18882 5858 889 21 7 485 35 37 205
1599449359 111117 18882 5858 889 21 7 485 35 37 205
1599476859 111137 18882 5858 889 21 7 485 35 37 205
1599556262 111137 18882 5858 889 21 7 485 35 37 205
1599887816 111688 18882 5858 889 21 7 485 35 37 205
1600012064 111746 18882 5858 889 21 7 485 35 37 205
1600101764 111746 18882 5858 889 21 7 485 35 37 205
1600101781 111746 18882 5858 889 21 7 485 35 37 205
1600775002 111750 18882 5858 889 21 7 485 35 37 205
1600853151 111768 18882 5858 889 21 7 485 35 37 205
1600858830 111785 18882 5858 889 21 7 485 35 37 205
1601269280 111840 18882 5858 889 21 7 485 35 37 205
1601877003 112086 18882 5858 889 21 7 485 35 37 205
1601895822 112179 18882 5858 889 21 7 485 35 37 205
1601920707 112247 18882 5858 889 21 7 485 35 37 205
1601973756 112399 18882 5858 889 21 7 485 35 37 205
1601977422 112402 18882 5858 889 21 7 485 35 37 205
1601979880 112402 18882 5858 889 21 7 485 35 37 205
1602002438 112450 18882 5858 889 21 7 485 35 37 205
1602070976 112450 19114 5858 889 21 7 485 35 37 205
1602134153 112450 19198 5858 889 21 7 485 35 37 205
1602141929 112450 19198 5858 889 21 7 485 35 37 205
1602221680 112450 19289 5858 889 21 7 485 35 37 205
1602237757 112450 19289 5858 889 21 7 485 35 37 205
1602237770 112450 19290 5858 889 21 7 485 35 37 205
1602237923 112450 19291 5858 889 21 7 485 35 37 205
1602238016 112450 19294 5858 889 21 7 485 35 37 205
1602393269 112683 19294 5858 889 21 7 485 35 37 205
1602497803 112882 19294 5858 889 21 7 485 35 37 205
1602561065 112882 19300 5858 889 21 7 485 35 37 205
1602584130 112882 19300 5858 889 21 7 485 35 37 205
1602585177 112882 19300 5858 889 21 7 485 35 37 205
1602593723 112890 19300 5858 889 21 7 485 35 37 205
1602599626 112916 19300 5858 889 21 7 485 35 37 205
1602607603 112970 19300 5858 889 21 7 485 35 37 205
1602654490 112970 19300 5858 889 21 7 485 35 37 205
1602818509 112970 19300 5858 889 21 7 485 35 37 205
1602842593 113022 19300 5858 889 21 7 485 35 37 205
1602848405 113023 19300 5858 889 21 7 485 35 37 205
1602849424 113023 19300 5858 889 21 7 485 35 37 205
1602925074 113023 19300 5858 889 21 7 485 35 37 205
1603014118 113023 19450 5858 889 21 7 485 35 37 205
1603014286 113023 19450 5858 889 21 7 485 35 37 205
1603091578 113030 19450 5858 889 21 7 485 35 37 205
1603097944 113045 19450 5858 889 21 7 485 35 37 205
1603122451 113058 19450 5858 889 21 7 485 35 37 205
1603126166 113113 19450 5858 889 21 7 485 35 37 205
1603237126 113129 19450 5858 889 21 7 485 35 37 205
1603378978 113168 19450 5858 889 21 7 485 35 37 205
1603623905 113191 19450 5858 889 21 7 485 35 37 205
1603647643 113210 19450 5858 889 21 7 485 35 37 205
1603726921 113210 19450 5858 889 21 7 485 35 37 205
1603786638 113210 19479 5858 889 21 7 485 35 37 205
1603787680 113210 19485 5858 889 21 7 485 35 37 205
1603795273 113281 19485 5858 889 21 7 485 35 37 205
1603931155 113403 19485 5858 889 21 7 485 35 37 205
1603931215 113403 19485 5858 889 21 7 485 35 37 205
1604062166 113405 19485 5858 889 21 7 485 35 37 205
1604079093 113423 19485 5858 889 21 7 485 35 37 205
1604133442 113423 19568 5858 889 21 7 485 35 37 205
1604245654 113423 19568 5858 889 21 7 485 44 37 205
1604288010 113423 19579 5858 889 21 7 485 44 37 205
1604296810 113485 19579 5858 889 21 7 485 44 37 205
1604303491 113488 19579 5858 889 21 7 485 44 37 205
1604672933 113491 19579 5858 889 21 7 485 44 37 205
1604672991 113491 19579 5858 889 21 7 485 44 37 205
1605111175 113741 19579 5858 889 21 7 485 44 37 205
1605111780 113741 19579 5858 889 21 7 485 44 37 205
1605280862 113782 19579 5858 889 21 7 485 44 37 205
1605343702 113783 19579 5858 889 21 7 485 44 37 205
1605343872 113918 19579 5858 889 21 7 485 44 37 205
1605531789 113943 19579 5858 889 21 7 485 44 37 205
1605543459 113965 19579 5858 889 21 7 485 44 37 205
1605543905 113967 19579 5858 889 21 7 485 44 37 205
1605544144 113968 19579 5858 889 21 7 485 44 37 205
1605600476 113969 19579 5858 889 21 7 485 44 37 205
1605627361 113976 19579 5858 889 21 7 485 44 37 205
1606117619 113994 19579 5858 889 21 7 485 44 37 205
