1528340017 21
1528340799 1269
1528650930 942
1528689035 950
1528707381 964
1528774406 969
1528969065 1188
1529053640 1214
1529348755 1588
1529480026 2514
1529491810 2540
1529567079 2615
1529575998 2637
1529698317 2799
1529774668 3371
1529853509 3369
1529902213 3411
1529911502 3429
1529920288 3445
1530003610 3446
1530064823 3448
1530081348 3461
1530587871 3650
1530608847 3674
1530608859 3761
1530676769 3821
1530787792 3829
1530787816 4027
1530812154 4033
1531105395 4066
1531645212 5172
1531666303 5332
1531666325 5328
1531728392 5474
1531973267 5525
1532006013 5525
1532101442 5525
1532167316 5556
1532234291 5578
1532333873 5811
1532336242 5811
1532337660 6122
1532400505 6137
1532400570 6175
1532406951 6175
1532413818 6202
1532430893 6211
1532460162 6253
1532460356 6260
1532460377 6260
1532460401 6260
1532509228 6269
1532572677 6269
1532578367 6305
1532605565 6526
1532654741 6526
1532654781 6526
1532657736 6527
1532684635 6558
1533009461 6571
1533034763 6795
1533098036 7908
1533174224 7896
1533204244 7944
1533284628 7947
1533383965 8010
1533401750 8010
1533451843 8010
1533537020 8024
1533538650 8019
1533538790 8019
1533540681 8021
1533541897 8021
1533544844 8061
1533567123 8061
1533568049 8061
1533568099 8061
1533569375 8065
1533569765 8064
1533607435 8165
1533611092 8167
1533619428 8166
1533626196 8170
1533634707 8179
1533638292 8179
1533639741 8179
1533700446 8179
1533700453 8185
1533703568 8186
1533709484 8186
1533710171 8186
1533715802 8186
1533725850 8186
1533744032 9066
1533870519 9641
1533871051 8214
1533986513 9898
1534000369 9612
1534161696 8259
1534172935 8263
1534180775 8575
1534230719 8581
1534244280 8685
1534265866 9858
1534300938 8687
1534322251 9987
1534382737 10034
1534398025 10043
1534398057 10281
1534406081 9800
1534407186 9859
1534408791 10281
1534413425 10284
1534482731 10280
1534529579 10393
1534691328 10395
1534761160 10465
1534827771 10405
1534847312 10419
1534923955 10416
1534932739 10418
1534934622 10431
1534988757 10487
1535001005 10489
1535001028 10497
1535018261 10499
1535107288 10516
1536387568 10515
1536387806 10729
1536387966 10515
1536387976 10516
1536546522 10516
1536552948 10773
1537004011 10773
1537004029 10668
1537332052 10675
1537332938 10675
1537335101 10675
1537418546 10675
1537770373 10679
1537782986 10736
1537935939 11051
1538385791 11281
1538626035 11574
1538644797 11575
1538647646 11580
1538737080 11585
1538740252 11587
1538744363 15095
1538968043 15104
1538968070 15104
1538968078 15199
1539310160 15486
1539310363 15486
1539315606 16033
1539324749 16102
1539337000 16178
1539582204 16177
1539665247 16263
1539678317 16263
1539686428 17408
1539687180 17402
1539855184 17595
1540007485 17595
1540007999 17598
1540181998 17640
1540346594 21754
1540349702 21741
1540361283 21741
1540381647 21727
1540394081 21728
1540432933 21727
1540462109 21743
1540622980 21743
1540622992 21775
1540695349 21781
1540812091 21802
1540959390 21894
1540960695 21901
1540976515 22148
1540985134 22162
1540993397 22162
1541003824 22161
1541013874 22425
1541054038 22429
1541061907 22462
1541098286 22571
1541098453 22570
1541135879 22574
1541144023 22750
1541155265 22799
1541233732 22804
1541395320 22813
1541395328 22917
1541409483 22918
1541416418 22991
1541432205 22968
1541656960 22971
1541673609 23079
1541678461 23146
1541733872 23185
1541751257 23201
1541851176 23166
1541866204 23196
1541916622 23196
1541921419 23215
1541927110 23227
1542020967 23228
1542343386 23226
1542619389 23249
1542688098 23280
1542782298 23285
1542783001 24203
1542957153 24271
1542958083 24320
1543483340 24347
1543486658 24381
1543488995 24383
1543548250 24421
1543599034 24436
1543601065 24439
1543812093 24439
1543835602 24537
1543848384 24574
1543931250 24753
1543931628 24752
1543932923 24753
1543933572 24755
1543939555 24749
1543982951 24792
1543985832 24800
1544012335 24816
1544022529 24849
1544024263 24880
1544068372 24891
1544374112 24960
1544414522 24961
1544443914 24989
1544520300 24989
1544521048 24755
1544521106 24755
1544674688 36130
1544676208 24770
1544691101 24784
1544697268 24804
1544756526 24835
1544773337 24873
1544782300 24878
1544934028 24881
1544947903 24890
1544979280 24891
1544986153 24872
1545039420 24875
1545048560 24875
1545081517 24899
1545117407 24899
1545605014 24899
1545817523 24901
1545842483 26223
1545911541 26237
1546085888 26986
1546336975 27005
1546619096 27087
1546619132 37508
1546620322 37520
1546621667 37522
1546621735 37522
1546779964 37523
1546780134 37499
1546781444 37511
1546783723 37513
1546858700 37505
1546935274 37506
1547017617 37599
1547085617 37599
1547085645 37599
1547085798 37599
1547203980 37599
1547203986 37610
1547399684 37607
1547437965 37625
1547459696 37626
1547481164 37627
1547498346 38184
1547547051 38358
1547569417 38362
1547571837 38363
1548166208 38761
1548176942 38760
1548211910 38761
1548213628 38763
1548225644 38762
1548237761 38756
1548250918 38763
1548251221 38858
1548252008 38865
1548310366 38865
1548312088 38887
1548344385 38893
1548394500 38901
1548405071 38926
1548693810 39105
1548833719 39106
1548839085 39366
1549008165 39678
1549016132 39684
1549022879 39702
1549032059 39775
1549102611 39774
1549165554 39774
1549196637 40409
1549212695 40411
1549251450 40423
1549939673 40423
1549955783 40450
1549971586 40454
1550037248 40459
1550109587 40459
1550131055 40513
1550196227 40576
1550201844 40706
1550213307 40735
1550218869 40730
1550718723 41041
1550718947 41061
1550823847 41546
1550936637 41728
1550944385 41727
1551024078 41745
1551058038 41783
1551146772 41878
1551147455 41870
1551166646 41856
1551262580 41951
1551340694 41930
1551429131 42035
1551435232 42058
1551493195 42068
1551523948 42210
1551523987 42217
1551593580 42205
1551597203 42222
1551601079 42222
1551614645 42325
1551688463 42245
1551688901 42487
1551689226 42487
1551692336 42442
1551748824 43053
1551756463 43176
1551775088 43203
1551776890 43202
1551799284 43209
1551839544 43210
1551841353 43214
1551841574 43216
1551862119 43216
1551937546 43245
1551947219 43302
1551947398 43302
1551962139 43313
1552025086 43331
1552031407 43332
1552034540 43333
1552069685 43373
1552102624 43399
1552117773 43400
1552297804 43442
1552356357 43525
1552404651 43531
1552475027 43539
1552534246 43543
1552536301 43543
1552646251 43545
1552698393 43545
1552838876 43540
1553075684 43629
1553149416 43700
1553151716 43705
1553247161 43704
1553445413 43707
1553676979 43758
1553677355 43771
1553679917 43771
1553692260 43770
1553763301 43780
1553765758 43780
1553825621 43769
1553938860 43778
1554001420 43800
1554024669 43803
1554087822 43808
1554099992 43808
1554100132 43812
1554198491 43808
1554204432 43834
1554207968 43836
1554218490 43835
1554262402 44005
1554265994 44007
1554357954 44009
1554873943 44027
1554938634 44024
1554950701 44208
1554970401 44214
1555037606 44214
1555038378 44378
1555065502 44443
1555408459 44562
1555916154 44632
1555917483 44632
1555926901 45079
1555953476 45082
1556079613 45138
1556085716 45151
1556090008 45157
1556529432 45160
1556764410 46170
1556937052 46361
1557107759 46450
1557318443 46551
1557483893 46587
1557666948 46754
1557735729 46766
1557808825 46766
1557808954 46766
1557825279 46774
1558001879 46776
1558003501 47087
1558004162 47087
1558005506 47087
1558169012 47259
1558246071 47294
1558540408 47294
1558600748 47298
1558604262 47309
1558673728 47344
1558693041 47324
1559201797 47338
1559269485 47337
1559698345 47337
1559735823 47396
1559888188 47550
1560271344 47603
1560282261 47599
1560331846 48298
1560391621 48306
1560391723 48306
1560394956 48306
1560483408 48304
1560496048 48304
1560498292 48304
1560518371 48310
1560794514 48330
1560918503 48362
1560927915 48362
1560941935 48362
1561053586 48435
1561090386 48447
1561340909 48472
1561357174 48493
1561370260 48504
1562313351 48516
1562313740 48919
1562318914 48922
1562331872 49510
1562390053 49506
1562391381 49545
1562398556 49545
1562408649 49545
1562498437 49599
1562599553 49597
1562603694 49599
1562604951 49601
1562607601 49606
1562643666 49607
1562651643 49607
1562695988 49598
1562731819 49597
1562753180 49599
1562843129 49649
1562927922 49669
1563007729 49668
1563079542 49662
1563083470 49663
1563085295 49663
1563353125 49900
1563516092 50185
1563784108 50204
1563790106 50207
1563818491 50223
1564050662 50244
1564631754 50144
1564632195 50256
1564816486 50263
1564820332 50264
1565057151 50523
1565067390 50528
1565581022 50648
1565592477 50648
1566355169 50683
1566449495 50714
1566549890 51218
1566645420 51771
1566787238 52372
1566894689 53945
1567013486 53357
1567070866 54017
1567163631 55278
1567165425 55257
1567479840 56630
1567503741 56964
1567514688 56981
1567585907 56985
1567585957 57184
1567682860 58801
1567990689 58403
1568046741 58410
1568109269 59228
1568604295 62396
1568965569 62871
1568970271 62871
1569207309 62955
1569234549 62975
1569578383 63203
1570263823 63195
1570332143 63161
1570435606 63274
1570700312 63358
1570707026 63358
1571222948 63736
1572838926 64683
1572842399 64671
1572848269 64671
1572857537 64692
1572865918 64695
1573027537 64722
1573720038 65767
1574045821 65941
1574240123 66263
1574925909 66459
1574925931 66469
1574934443 66469
1575023926 66470
1575359166 66690
1575532143 66387
1575535927 66525
1575948301 65992
1577328568 66131
1578066647 66399
1578889475 66444
1578900146 66459
1579758060 66822
1581387460 67545
1581394098 68025
1581588987 68033
1582046907 68056
1583325129 68148
1583772350 68204
1583811853 68205
1583987534 68163
1583987892 68157
1584085185 68189
1584433357 68197
1584613825 68354
1584668191 68352
1584944990 68300
1584979988 68302
1584979996 68302
1585025590 68289
1585032656 68331
1585033024 68338
1585039230 68347
1585069439 68426
1585069449 68576
1585103167 68585
1585125128 68586
1585205051 68588
1585206926 68591
1585206934 68639
1585594343 68683
1585594352 68749
1585616331 68735
1585736549 68733
1585736570 68766
1585879866 68769
1585989859 68767
1586163785 68807
1586336902 68817
1586488660 68928
1586488705 68925
1586488816 68814
1586948293 68945
1587124688 68951
1587183707 68959
1587434983 68967
1587442606 68960
1587477981 69014
1587548144 68938
1587624234 68966
1587624266 68974
1587624307 68946
1587882243 68951
1587882296 69092
1588047852 69141
1588329772 69131
1588677806 69150
1588744172 69182
1589438076 69184
1589557275 70505
1589565037 70795
1589629273 70814
1589731029 70925
1589735398 70934
1589780633 70942
1589800692 70910
1589824891 70907
1589860379 70922
1589874061 70959
1589879565 70965
1589879575 70946
1589883190 70958
1589885546 70966
1589916333 70994
1589951388 70994
1589960771 70994
1590232000 71004
1590392571 71009
1590400627 70981
1590403961 70982
1590476438 71019
1590479365 71103
1590495289 71104
1590497695 71112
1590498428 71113
1590502438 71124
1590510763 71159
1590566117 71154
1590566148 71178
1590566181 71172
1590568313 71157
1590569630 71165
1590655692 71176
1590722267 71149
1590926335 71151
1590926411 71174
1590929527 71161
1590979681 71164
1590995971 71182
1591006480 71218
1591018131 71226
1591096259 71299
1591159752 71309
1591207344 71310
1591207366 71313
1591233249 71320
1591241924 71319
1591252945 71315
1591262101 71325
1591281145 71332
1591345172 71333
1591345496 71359
1591443260 71361
1591531722 71376
1591608515 71380
1591672308 71411
1591678148 71418
1591687106 71411
1591687198 71418
1591720491 71457
1591806269 71457
1591836147 71457
1591844220 71464
1591844829 71464
1591851524 71464
1591854960 71465
1591997978 71504
1592060657 71505
1592216129 71547
1592295995 71546
1592485875 71549
1592553204 71549
1592648780 71550
1592895082 71630
1592963123 71633
1593077709 71643
1594097365 71646
1595322134 72192
1595913648 72969
1596025288 72976
1596089882 72992
1597207142 73012
1597233254 73036
1597732633 73100
1598308387 73111
1598601751 73206
1598848061 73309
1598955797 73543
1599043441 73547
1599122681 73560
1599202298 73560
1599224396 73393
1599556262 73414
1599887816 73618
1600012064 73595
1600101781 73594
1600775002 73595
1600853151 73594
1600858830 73606
1601269280 73627
1601877003 73691
1601895822 73731
1601920707 73717
1601973756 73766
1601979880 73769
1602002438 73800
1602393269 73884
1602497803 73988
1602584130 73987
1602593723 73987
1602599626 74004
1602607603 74019
1603378978 74025
1603726921 74400
1603931215 74434
1604062166 74435
1604079093 74442
1604303491 74443
1604672991 74467
1605111175 74645
1605111780 74707
1605280862 74723
1605343702 74723
1605343872 74823
1605531789 74830
1605543459 74841
1605543905 74843
1605544144 74843
1605600476 74844
1605627361 74840
1606117619 74857
