1528772947 2
1528773798 10808
1528796687 11422
1528796794 11423
1530587648 14148
1531965541 14916
1531965961 14916
1532062923 14916
1532086831 14989
1532167261 15076
1532187072 15099
1532194012 15099
1532234199 15099
1532234224 15201
1532325229 15222
1532423480 15243
1532423551 15255
1532424503 15284
1532460009 15280
1532460059 15344
1532460085 15344
1532460107 15344
1532505924 15344
1532575149 15344
1532605474 15345
1532684693 15347
1533009447 15364
1533027804 15646
1533115192 15397
1533402064 15453
1533569889 15487
1533569927 15875
1533577954 15933
1533626096 15934
1533634680 15943
1533699690 15993
1533705312 16033
1533705329 16045
1533712799 16045
1533715643 16048
1533721128 16050
1533885096 16050
1534051264 16218
1534691378 16442
1534761452 16499
1534847337 16533
1534932771 16533
1535018416 16536
1535940739 16533
1537527789 16534
1537527906 16533
1537528092 16534
1537954357 16538
1541745120 16527
1541745156 16529
1541916329 16537
1543485473 16584
1543486991 16585
1544074911 16612
1546780010 16640
1547017794 16697
1547616117 16700
1547710644 16700
1547863525 16714
1547923118 16794
1548395265 16794
1548491053 111
1548491165 305
1548552295 7919
1549977487 7943
1550037664 7943
1550109534 8020
1550114124 8026
1550823929 8026
1550944426 8025
1551066159 8025
1552102731 8088
1552475050 8089
1554100187 8091
1554262639 8107
1554358065 8100
1554874065 8155
1554938715 8159
1554951506 8159
1554972718 8157
1559647176 8158
1559803387 8158
1559814381 8152
1561090400 8166
1564631761 6565
1566355239 6565
1577328324 6615
1578066790 6183
1578889513 6193
1587478091 6199
1590400689 6161
1596025244 6233
1596081987 6255
1597740825 6269
1600012101 6268
1600068448 6271
1600072489 6274
1600751398 6298
1604303373 6308
1605111162 6341
1605111624 6330
1605207564 6333
1605254694 6349
