1528772947 0 0 0 0 0 0 2 0
1528773798 0 0 0 0 0 0 10808 0
1528796687 0 0 0 0 0 0 11422 0
1528796794 0 0 0 0 0 0 11423 0
1530587648 0 0 0 0 0 0 11423 2745
1530608951 152 0 0 0 0 0 11423 2745
1531965541 152 0 0 0 0 0 11423 3770
1531965961 152 0 0 0 0 0 11423 3770
1532062923 152 2 0 0 0 0 11423 3770
1532086831 152 86 0 0 0 0 11423 3770
1532167261 267 86 0 0 0 0 11423 3770
1532187072 267 120 0 0 0 0 11423 3770
1532194012 267 122 0 0 0 0 11423 3770
1532234199 272 122 0 0 0 0 11423 3770
1532234224 386 122 0 0 0 0 11423 3770
1532325229 386 143 0 0 0 0 11423 3770
1532400633 392 143 0 0 0 0 11423 3770
1532414178 392 143 38 0 0 0 11423 3770
1532423480 392 166 38 0 0 0 11423 3770
1532423551 392 199 38 0 0 0 11423 3770
1532424503 392 199 38 0 0 0 11423 3770
1532460009 394 199 38 0 0 0 11423 3770
1532460059 461 199 38 0 0 0 11423 3770
1532460085 473 199 38 0 0 0 11423 3770
1532460107 481 199 38 0 0 0 11423 3770
1532505924 481 203 38 0 0 0 11423 3770
1532575149 481 203 46 0 0 0 11423 3770
1532605474 493 203 46 0 0 0 11423 3770
1532684693 493 213 46 0 0 0 11423 3770
1533009447 493 213 63 0 0 0 11423 3770
1533027804 493 213 345 0 0 0 11423 3770
1533098089 672 213 345 0 0 0 11423 3770
1533115192 672 213 345 0 0 0 11423 3770
1533384026 710 213 345 0 0 0 11423 3770
1533402064 710 213 345 0 0 0 11423 3770
1533569889 749 213 345 0 0 0 11423 3770
1533569927 1137 213 345 0 0 0 11423 3770
1533577954 1137 281 345 0 0 0 11423 3770
1533626096 1137 283 345 0 0 0 11423 3770
1533634680 1137 283 354 0 0 0 11423 3770
1533699690 1137 283 432 0 0 0 11423 3770
1533705312 1196 283 432 0 0 0 11423 3770
1533705329 1208 283 432 0 0 0 11423 3770
1533712799 1208 283 433 0 0 0 11423 3770
1533715643 1208 283 442 0 0 0 11423 3770
1533721128 1208 283 460 0 0 0 11423 3770
1533885096 1210 283 460 0 0 0 11423 3770
1534051264 1378 283 460 0 0 0 11423 3770
1534691378 1680 283 460 0 0 0 11423 3770
1534761452 1947 283 460 0 0 0 11423 3770
1534847337 2029 283 460 0 0 0 11423 3770
1534932771 2030 283 460 0 0 0 11423 3770
1535018416 2047 283 460 0 0 0 11423 3770
1535940739 2049 283 460 0 0 0 11423 3770
1537527789 2049 284 460 0 0 0 11423 3770
1537527906 2049 284 460 0 0 0 11423 3770
1537528092 2049 285 460 0 0 0 11423 3770
1537954357 2049 285 460 0 0 4 11423 3770
1540202841 2049 285 460 0 0 10 11423 3770
1540356081 2049 288 460 0 0 10 11423 3770
1541745120 2069 288 460 0 0 10 11423 3770
1541745156 2069 288 460 0 0 10 11423 3770
1541916329 2069 296 460 0 0 10 11423 3770
1543485473 2117 296 460 0 0 10 11423 3770
1543486776 2117 330 460 0 0 10 11423 3770
1543486938 2117 331 460 0 0 10 11423 3770
1543486991 2118 331 460 0 0 10 11423 3770
1543548189 2118 334 460 0 0 10 11423 3770
1544074911 2118 334 460 0 0 10 11423 3770
1546780010 2118 334 460 0 0 38 11423 3770
1547017794 2821 334 460 0 0 38 11423 3770
1547564556 2821 334 460 6 0 38 11423 3770
1547616117 2821 334 460 6 0 38 11423 3770
1547710644 2821 334 460 6 0 39 11423 3770
1547863525 2878 334 460 6 0 39 11423 3770
1547923118 2979 334 460 6 0 39 11423 3770
1548395265 2980 334 460 6 0 39 11423 3770
1548491053 2980 334 460 6 0 39 11423 3770
1548491165 3174 334 460 6 0 39 11423 3770
1548552295 10794 334 460 6 0 39 11423 3770
1549977487 10819 334 460 6 0 39 11423 3770
1550037664 10820 334 460 6 0 39 11423 3770
1550109534 10910 334 460 6 0 39 11423 3770
1550114124 10916 334 460 6 0 39 11423 3770
1550823929 10917 334 460 6 0 39 11423 3770
1550944426 10930 334 460 6 0 39 11423 3770
1551066159 10931 334 460 6 0 39 11423 3770
1552102731 10994 334 460 6 0 39 11423 3770
1552475050 10995 334 460 6 0 39 11423 3770
1554100187 11002 334 460 6 0 39 11423 3770
1554262639 11030 334 460 6 0 39 11423 3770
1554358065 11046 334 460 6 0 39 11423 3770
1554874065 11141 334 460 6 0 39 11423 3770
1554938715 11155 334 460 6 0 39 11423 3770
1554951506 11156 334 460 6 0 39 11423 3770
1554972718 11160 334 460 6 0 39 11423 3770
1559647176 11162 334 460 6 0 39 11423 3770
1559803387 11165 334 460 6 0 39 11423 3770
1559814381 11166 334 460 6 0 39 11423 3770
1560929350 11166 334 460 38 0 39 11423 3770
1560936649 11166 334 460 42 0 39 11423 3770
1560941566 11166 334 460 53 0 39 11423 3770
1561090400 11166 334 460 53 0 39 11423 3770
1564476519 11255 334 460 53 0 39 11423 3770
1564535410 11268 334 460 53 0 39 11423 3770
1564631761 11268 334 460 53 0 39 11423 3770
1566355239 11270 334 460 53 0 39 11423 3770
1577328324 11344 334 460 53 0 39 11423 3770
1578066790 11387 334 460 53 0 39 11423 3770
1578889513 11399 334 460 53 0 39 11423 3770
1587478091 11406 334 460 53 0 39 11423 3770
1590394247 11406 334 460 62 0 39 11423 3770
1590400689 11406 334 460 62 0 39 11423 3770
1596025244 11726 334 460 62 0 39 11423 3770
1596081987 11748 334 460 62 0 39 11423 3770
1597740825 11844 334 460 62 0 39 11423 3770
1600012101 11854 334 460 62 0 39 11423 3770
1600068448 11857 334 460 62 0 39 11423 3770
1600072489 11863 334 460 62 0 39 11423 3770
1600684224 11964 334 460 62 0 39 11423 3770
1600751398 11964 334 460 62 0 39 11423 3770
1602238079 11964 334 460 68 0 39 11423 3770
1604303373 11978 334 460 68 0 39 11423 3770
1605111162 12020 334 460 68 0 39 11423 3770
1605111624 12020 334 460 68 0 39 11423 3770
1605207564 12023 334 460 68 0 39 11423 3770
1605254694 12048 334 460 68 0 39 11423 3770
