1581652628 0 1 0 0 0 0
1581653341 0 1 0 1 0 0
1581654462 0 1 0 2 0 0
1581655388 0 1 0 3 0 0
1581657897 0 2 0 3 0 0
1581658009 0 3 0 3 0 0
1581658382 0 3 0 4 0 0
1581658449 0 3 0 5 0 0
1581660111 0 3 0 6 0 0
1581660364 0 3 0 7 0 0
1581662756 0 3 0 8 0 0
1581662805 0 3 0 9 0 0
1581664109 0 3 1 9 0 0
1581664309 0 3 2 9 0 0
1581666602 0 3 3 9 0 0
1581667076 0 3 4 9 0 0
1581677128 0 3 5 9 0 0
1581677724 0 3 6 9 0 0
1581677982 0 3 7 9 0 0
1581680959 0 3 8 9 0 0
1581703310 0 3 9 9 0 0
1581707423 0 3 9 9 0 1
1581750764 0 3 9 9 0 2
1581777557 0 4 9 9 0 2
1581777853 0 5 9 9 0 2
1581784462 0 6 9 9 0 2
1581836552 0 6 10 9 0 2
1581838164 0 7 10 9 0 2
1581838205 0 8 10 9 0 2
1581848344 0 9 10 9 0 2
1581849944 0 10 10 9 0 2
1581854202 0 11 10 9 0 2
1581862441 0 12 10 9 0 2
1581862517 0 13 10 9 0 2
1581864883 0 14 10 9 0 2
1581865188 0 15 10 9 0 2
1581866538 0 16 10 9 0 2
1581866880 0 17 10 9 0 2
1581870362 0 18 10 9 0 2
1581870437 0 19 10 9 0 2
1581870523 0 20 10 9 0 2
1581870733 0 21 10 9 0 2
1581870767 0 22 10 9 0 2
1581871248 0 23 10 9 0 2
1581871372 0 24 10 9 0 2
1581872426 0 25 10 9 0 2
1581872465 0 26 10 9 0 2
1581873940 0 27 10 9 0 2
1581874203 0 28 10 9 0 2
1581874281 0 29 10 9 0 2
1581880572 0 30 10 9 0 2
1581953231 0 31 10 9 0 2
1581953302 0 32 10 9 0 2
1581953506 0 33 10 9 0 2
1581953541 0 34 10 9 0 2
1581963867 0 35 10 9 0 2
1582106511 0 36 10 9 0 2
1582163268 1 36 10 9 0 2
1582339983 2 36 10 9 0 2
1582356002 3 36 10 9 0 2
1582360462 4 36 10 9 0 2
1582360623 5 36 10 9 0 2
1582364165 6 36 10 9 0 2
1582433842 7 36 10 9 0 2
1582519106 8 36 10 9 0 2
1582520191 9 36 10 9 0 2
1582532465 10 36 10 9 0 2
1582533707 10 37 10 9 0 2
1582536051 10 38 10 9 0 2
1582536401 10 39 10 9 0 2
1582539717 11 39 10 9 0 2
1582541022 12 39 10 9 0 2
1582541091 13 39 10 9 0 2
1582541375 14 39 10 9 0 2
1582614379 15 39 10 9 0 2
1582622717 15 40 10 9 0 2
1582642676 16 40 10 9 0 2
1582642845 17 40 10 9 0 2
1582643098 17 41 10 9 0 2
1582643285 18 41 10 9 0 2
1582643357 19 41 10 9 0 2
1582650592 20 41 10 9 0 2
1582652671 20 42 10 9 0 2
1582693268 21 42 10 9 0 2
1582693362 22 42 10 9 0 2
1582696274 23 42 10 9 0 2
1582707514 24 42 10 9 0 2
1582708426 25 42 10 9 0 2
1582769491 26 42 10 9 0 2
1582770673 27 42 10 9 0 2
1582771986 28 42 10 9 0 2
1582772882 29 42 10 9 0 2
1582773707 30 42 10 9 0 2
1582774364 31 42 10 9 0 2
1582776961 32 42 10 9 0 2
1582780987 33 42 10 9 0 2
1582799834 33 43 10 9 0 2
1582802207 33 44 10 9 0 2
1582848204 34 44 10 9 0 2
1582863288 35 44 10 9 0 2
1582864308 35 45 10 9 0 2
1582875143 36 45 10 9 0 2
1582875244 37 45 10 9 0 2
1582880365 38 45 10 9 0 2
1582881695 39 45 10 9 0 2
1582882575 39 46 10 9 0 2
1582882902 39 47 10 9 0 2
1582901776 40 47 10 9 0 2
1582901785 41 47 10 9 0 2
1582940271 42 47 10 9 0 2
1583028356 43 47 10 9 0 2
1583037696 44 47 10 9 0 2
1583073389 44 48 10 9 0 2
1583073454 44 49 10 9 0 2
1583074653 45 49 10 9 0 2
1583074668 46 49 10 9 0 2
1583080203 47 49 10 9 0 2
1583105123 47 50 10 9 0 2
1583154089 48 50 10 9 0 2
1583154410 49 50 10 9 0 2
1583157842 50 50 10 9 0 2
1583244200 51 50 10 9 0 2
1583244327 52 50 10 9 0 2
1583244565 53 50 10 9 0 2
1583246398 54 50 10 9 0 2
1583290784 55 50 10 9 0 2
1583291990 55 51 10 9 0 2
1583293833 55 52 10 9 0 2
1583300712 56 52 10 9 0 2
1583334595 56 53 10 9 0 2
1583339575 56 53 11 9 0 2
1583385536 57 53 11 9 0 2
1583385902 58 53 11 9 0 2
1583385968 59 53 11 9 0 2
1583386604 60 53 11 9 0 2
1583401250 61 53 11 9 0 2
1583403019 62 53 11 9 0 2
1583405847 63 53 11 9 0 2
1583407150 64 53 11 9 0 2
1583421047 65 53 11 9 0 2
1583422653 65 54 11 9 0 2
1583463104 65 55 11 9 0 2
1583465166 66 55 11 9 0 2
1583465194 67 55 11 9 0 2
1583465305 68 55 11 9 0 2
1583465953 68 56 11 9 0 2
1583481384 69 56 11 9 0 2
1583481411 70 56 11 9 0 2
1583485359 71 56 11 9 0 2
1583509385 72 56 11 9 0 2
1583509744 73 56 11 9 0 2
1583510400 74 56 11 9 0 2
1583546560 75 56 11 9 0 2
1583633737 76 56 11 9 0 2
1583634334 77 56 11 9 0 2
1583635083 78 56 11 9 0 2
1583636946 79 56 11 9 0 2
1583637293 80 56 11 9 0 2
1583640370 81 56 11 9 0 2
1583640458 82 56 11 9 0 2
1583642926 83 56 11 9 0 2
1583645087 84 56 11 9 0 2
1583714307 85 56 11 9 0 2
1583731225 85 57 11 9 0 2
1583753160 86 57 11 9 0 2
1583753201 87 57 11 9 0 2
1583753994 88 57 11 9 0 2
1583839616 89 57 11 9 0 2
1583840165 90 57 11 9 0 2
1583917866 90 57 12 9 0 2
1583919163 90 58 12 9 0 2
1583921021 91 58 12 9 0 2
1583921044 92 58 12 9 0 2
1583926172 93 58 12 9 0 2
1583927382 94 58 12 9 0 2
1583945064 94 58 13 9 0 2
1583978128 95 58 13 9 0 2
1583978160 96 58 13 9 0 2
1583989451 97 58 13 9 0 2
1583998318 98 58 13 9 0 2
1584005636 99 58 13 9 0 2
1584010285 100 58 13 9 0 2
1584018375 101 58 13 9 0 2
1584020164 102 58 13 9 0 2
1584057503 103 58 13 9 0 2
1584064142 103 59 13 9 0 2
1584077006 104 59 13 9 0 2
1584077043 105 59 13 9 0 2
1584080383 106 59 13 9 0 2
1584088139 107 59 13 9 0 2
1584090151 108 59 13 9 0 2
1584090547 108 60 13 9 0 2
1584103349 109 60 13 9 0 2
1584103411 110 60 13 9 0 2
1584149359 111 60 13 9 0 2
1584149752 112 60 13 9 0 2
1584152323 113 60 13 9 0 2
1584153068 114 60 13 9 0 2
1584153267 115 60 13 9 0 2
1584171621 115 61 13 9 0 2
1584185611 116 61 13 9 0 2
1584185679 117 61 13 9 0 2
1584196245 117 62 13 9 0 2
1584199107 117 63 13 9 0 2
1584252841 117 64 13 9 0 2
1584252931 117 65 13 9 0 2
1584252996 117 66 13 9 0 2
1584253061 117 67 13 9 0 2
1584253129 117 68 13 9 0 2
1584266279 118 68 13 9 0 2
1584266557 119 68 13 9 0 2
1584283838 119 69 13 9 0 2
1584283869 119 70 13 9 0 2
1584283909 119 71 13 9 0 2
1584283943 119 72 13 9 0 2
1584287101 119 73 13 9 0 2
1584323264 120 73 13 9 0 2
1584323275 120 74 13 9 0 2
1584323299 121 74 13 9 0 2
1584323306 121 75 13 9 0 2
1584323337 122 75 13 9 0 2
1584333293 123 75 13 9 0 2
1584345271 123 76 13 9 0 2
1584345341 123 77 13 9 0 2
1584345371 123 78 13 9 0 2
1584345409 123 79 13 9 0 2
1584345449 123 80 13 9 0 2
1584356622 124 80 13 9 0 2
1584356674 125 80 13 9 0 2
1584357428 126 80 13 9 0 2
1584371387 126 81 13 9 0 2
1584375591 126 82 13 9 0 2
1584376335 126 82 14 9 0 2
1584378641 126 82 15 9 0 2
1584382238 126 83 15 9 0 2
1584427140 127 83 15 9 0 2
1584435976 128 83 15 9 0 2
1584442496 129 83 15 9 0 2
1584447094 130 83 15 9 0 2
1584447129 131 83 15 9 0 2
1584497241 132 83 15 9 0 2
1584497506 133 83 15 9 0 2
1584514805 134 83 15 9 0 2
1584515745 134 84 15 9 0 2
1584515822 134 85 15 9 0 2
1584518190 134 86 15 9 0 2
1584518240 134 87 15 9 0 2
1584531663 135 87 15 9 0 2
1584531716 136 87 15 9 0 2
1584539941 137 87 15 9 0 2
1584540440 138 87 15 9 0 2
1584541044 138 88 15 9 0 2
1584541223 138 89 15 9 0 2
1584545152 138 89 16 9 0 2
1584545815 138 90 16 9 0 2
1584546062 138 91 16 9 0 2
1584546159 138 92 16 9 0 2
1584608872 139 92 16 9 0 2
1584609781 140 92 16 9 0 2
1584610093 141 92 16 9 0 2
1584610246 142 92 16 9 0 2
1584636898 142 93 16 9 0 2
1584668203 143 93 16 9 0 2
1584668313 144 93 16 9 0 2
1584669185 145 93 16 9 0 2
1584670122 146 93 16 9 0 2
1584672834 146 94 16 9 0 2
1584672885 146 95 16 9 0 2
1584676685 146 96 16 9 0 2
1584676802 146 97 16 9 0 2
1584684899 146 98 16 9 0 2
1584684981 146 99 16 9 0 2
1584685764 146 100 16 9 0 2
1584686398 146 101 16 9 0 2
1584686426 146 102 16 9 0 2
1584686465 146 103 16 9 0 2
1584686501 146 104 16 9 0 2
1584696833 146 104 17 9 0 2
1584698340 146 105 17 9 0 2
1584698827 146 106 17 9 0 2
1584699186 146 107 17 9 0 2
1584699513 146 108 17 9 0 2
1584700023 146 109 17 9 0 2
1584718060 146 110 17 9 0 2
1584720418 146 111 17 9 0 2
1584721533 146 112 17 9 0 2
1584755052 147 112 17 9 0 2
1584755244 148 112 17 9 0 2
1584790919 148 113 17 9 0 2
1584804839 148 114 17 9 0 2
1584852747 148 115 17 9 0 2
1584854665 148 116 17 9 0 2
1584854911 148 117 17 9 0 2
1584855170 148 118 17 9 0 2
1584855233 148 119 17 9 0 2
1584884811 148 120 17 9 0 2
1584884965 148 121 17 9 0 2
1584935286 148 122 17 9 0 2
1584954066 148 123 17 9 0 2
1584954268 148 124 17 9 0 2
1584954296 148 125 17 9 0 2
1584954380 148 126 17 9 0 2
1584972367 148 127 17 9 0 2
1584972841 148 128 17 9 0 2
1585013528 148 129 17 9 0 2
1585027237 148 130 17 9 0 2
1585058994 149 130 17 9 0 2
1585062170 149 131 17 9 0 2
1585062642 149 132 17 9 0 2
1585063161 149 133 17 9 0 2
1585063547 149 134 17 9 0 2
1585065184 149 135 17 9 0 2
1585065565 149 136 17 9 0 2
1585065691 149 137 17 9 0 2
1585066347 149 138 17 9 0 2
1585066410 149 139 17 9 0 2
1585067283 149 139 18 9 0 2
1585095995 150 139 18 9 0 2
1585096062 151 139 18 9 0 2
1585114451 151 140 18 9 0 2
1585115361 151 141 18 9 0 2
1585122395 151 141 19 9 0 2
1585122607 151 142 19 9 0 2
1585131541 151 143 19 9 0 2
1585132519 151 144 19 9 0 2
1585143395 151 145 19 9 0 2
1585144081 151 146 19 9 0 2
1585146548 151 147 19 9 0 2
1585147258 151 148 19 9 0 2
1585147359 151 149 19 9 0 2
1585150028 151 150 19 9 0 2
1585182654 152 150 19 9 0 2
1585182699 153 150 19 9 0 2
1585197804 154 150 19 9 0 2
1585207400 154 151 19 9 0 2
1585211105 154 152 19 9 0 2
1585219337 154 153 19 9 0 2
1585250342 154 154 19 9 0 2
1585250465 154 155 19 9 0 2
1585250812 154 156 19 9 0 2
1585272526 155 156 19 9 0 2
1585272573 156 156 19 9 0 2
1585286126 156 157 19 9 0 2
1585303189 156 157 20 9 0 2
1585372849 157 157 20 9 0 2
1585372875 158 157 20 9 0 2
1585529196 159 157 20 9 0 2
1585540456 159 158 20 9 0 2
1585540654 159 159 20 9 0 2
1585542682 159 160 20 9 0 2
1585542829 159 161 20 9 0 2
1585701092 160 161 20 9 0 2
1585704560 161 161 20 9 0 2
1585712191 162 161 20 9 0 2
1585719042 162 162 20 9 0 2
1585719156 162 163 20 9 0 2
1585729814 163 163 20 9 0 2
1585729857 164 163 20 9 0 2
1585731960 164 164 20 9 0 2
1585732624 165 164 20 9 0 2
1585732662 166 164 20 9 0 2
1585733866 167 164 20 9 0 2
1585736790 167 165 20 9 0 2
1585736847 167 166 20 9 0 2
1585738852 167 167 20 9 0 2
1585739905 168 167 20 9 0 2
1585739931 169 167 20 9 0 2
1585747231 169 168 20 9 0 2
1585747461 169 169 20 9 0 2
1585747996 169 170 20 9 0 2
1585753579 169 171 20 9 0 2
1585758090 169 172 20 9 0 2
1585806483 169 173 20 9 0 2
1585806915 169 174 20 9 0 2
1585807049 169 175 20 9 0 2
1585807757 169 176 20 9 0 2
1585814220 169 177 20 9 0 2
1587643236 169 178 20 9 0 2
1587644823 169 179 20 9 0 2
1587751286 169 180 20 9 0 2
1587751405 169 181 20 9 0 2
1587751630 169 182 20 9 0 2
1587799334 170 182 20 9 0 2
1587875558 170 183 20 9 0 2
1587877564 170 184 20 9 0 2
1587894518 170 184 20 9 0 3
1587962664 170 185 20 9 0 3
1587962719 170 186 20 9 0 3
1587965002 171 186 20 9 0 3
1587967193 172 186 20 9 0 3
1587969592 173 186 20 9 0 3
1587998778 173 186 20 9 1 3
1588048168 173 187 20 9 1 3
1588048178 173 188 20 9 1 3
1588051958 173 189 20 9 1 3
1588052006 173 190 20 9 1 3
1588079019 174 190 20 9 1 3
1588079090 175 190 20 9 1 3
1588079324 176 190 20 9 1 3
1588093897 177 190 20 9 1 3
1588132324 177 191 20 9 1 3
1588132732 177 192 20 9 1 3
1588163336 178 192 20 9 1 3
1588163392 179 192 20 9 1 3
1588167011 180 192 20 9 1 3
1588172478 180 193 20 9 1 3
1588173322 180 194 20 9 1 3
1588173987 180 195 20 9 1 3
1588390427 181 195 20 9 1 3
1588390463 182 195 20 9 1 3
1588393646 183 195 20 9 1 3
1588416757 184 195 20 9 1 3
1588420733 185 195 20 9 1 3
1588493517 185 195 21 9 1 3
1588567544 186 195 21 9 1 3
1588604323 186 196 21 9 1 3
1588610373 186 197 21 9 1 3
1588640535 186 198 21 9 1 3
1588666291 187 198 21 9 1 3
1588666332 188 198 21 9 1 3
1588667814 188 199 21 9 1 3
1588668187 189 199 21 9 1 3
1588668216 190 199 21 9 1 3
1588737132 191 199 21 9 1 3
1588737879 191 200 21 9 1 3
1588738989 192 200 21 9 1 3
1588739029 193 200 21 9 1 3
1588741459 194 200 21 9 1 3
1588743947 195 200 21 9 1 3
1588745697 195 201 21 9 1 3
1588784196 195 202 21 9 1 3
1588784567 195 203 21 9 1 3
1588786960 195 204 21 9 1 3
1588866220 196 204 21 9 1 3
1588866280 197 204 21 9 1 3
1588939600 198 204 21 9 1 3
1589008151 198 205 21 9 1 3
1589010080 198 206 21 9 1 3
1589011037 199 206 21 9 1 3
1589011127 200 206 21 9 1 3
1589011242 201 206 21 9 1 3
1589014743 202 206 21 9 1 3
1589014938 203 206 21 9 1 3
1589020606 204 206 21 9 1 3
1589102590 205 206 21 9 1 3
1589113816 206 206 21 9 1 3
1589242027 207 206 21 9 1 3
1589270248 208 206 21 9 1 3
1589289797 209 206 21 9 1 3
1589328087 210 206 21 9 1 3
1589367436 210 207 21 9 1 3
1589373077 211 207 21 9 1 3
1589373160 212 207 21 9 1 3
1589381621 212 207 22 9 1 3
1589381787 212 207 23 9 1 3
1589382184 212 208 23 9 1 3
1589383596 212 209 23 9 1 3
1589383808 212 210 23 9 1 3
1589386337 212 211 23 9 1 3
1589387212 212 212 23 9 1 3
1589389160 212 212 24 9 1 3
1589393326 212 212 25 9 1 3
1589393875 212 212 26 9 1 3
1589394482 212 212 27 9 1 3
1589697384 213 212 27 9 1 3
1589697431 214 212 27 9 1 3
1589712172 214 212 28 9 1 3
1589712179 214 212 29 9 1 3
1589722218 215 212 29 9 1 3
1589722356 216 212 29 9 1 3
1589762685 217 212 29 9 1 3
1589788764 218 212 29 9 1 3
1589799788 219 212 29 9 1 3
1589811205 220 212 29 9 1 3
1589827285 220 212 30 9 1 3
1589827647 220 212 31 9 1 3
1589859042 221 212 31 9 1 3
1589859080 222 212 31 9 1 3
1589869327 223 212 31 9 1 3
1589869553 224 212 31 9 1 3
1589878967 225 212 31 9 1 3
1589879099 226 212 31 9 1 3
1589880891 227 212 31 9 1 3
1589881709 228 212 31 9 1 3
1589882172 229 212 31 9 1 3
1589891644 230 212 31 9 1 3
1589896690 230 212 32 9 1 3
1589897141 230 212 33 9 1 3
1589897396 230 212 34 9 1 3
1589897623 230 212 35 9 1 3
1589898434 230 212 36 9 1 3
1589899667 230 212 37 9 1 3
1589910335 230 212 38 9 1 3
1589911672 230 212 39 9 1 3
1589912115 230 212 40 9 1 3
1589912509 230 212 41 9 1 3
1589943527 231 212 41 9 1 3
1589943589 232 212 41 9 1 3
1589948415 233 212 41 9 1 3
1589951728 233 212 42 9 1 3
1589952927 233 212 43 9 1 3
1589953673 233 213 43 9 1 3
1589954210 233 214 43 9 1 3
1589973927 234 214 43 9 1 3
1589974022 235 214 43 9 1 3
1589974137 236 214 43 9 1 3
1589975171 237 214 43 9 1 3
1589978212 238 214 43 9 1 3
1589978950 239 214 43 9 1 3
1589983208 240 214 43 9 1 3
1589983559 241 214 43 9 1 3
1589983622 242 214 43 9 1 3
1589984351 243 214 43 9 1 3
1589985013 244 214 43 9 1 3
1589987239 245 214 43 9 1 3
1589991477 246 214 43 9 1 3
1589991707 247 214 43 9 1 3
1590046794 248 214 43 9 1 3
1590060252 249 214 43 9 1 3
1590114567 249 215 43 9 1 3
1590114652 249 216 43 9 1 3
1590317631 250 216 43 9 1 3
1590317698 251 216 43 9 1 3
1590365525 252 216 43 9 1 3
1590369927 252 217 43 9 1 3
1590370011 252 218 43 9 1 3
1590373629 253 218 43 9 1 3
1590373694 254 218 43 9 1 3
1590402513 254 219 43 9 1 3
1590403125 254 220 43 9 1 3
1590403325 254 221 43 9 1 3
1590416656 254 222 43 9 1 3
1590416737 254 223 43 9 1 3
1590417845 254 224 43 9 1 3
1590417901 254 225 43 9 1 3
1590418162 254 226 43 9 1 3
1590418261 254 227 43 9 1 3
1590418326 254 228 43 9 1 3
1590419651 254 229 43 9 1 3
1590420543 254 230 43 9 1 3
1590421843 254 231 43 9 1 3
1590454896 254 232 43 9 1 3
1590455464 254 233 43 9 1 3
1590458989 254 234 43 9 1 3
1590460291 254 235 43 9 1 3
1590466193 254 235 44 9 1 3
1590469556 255 235 44 9 1 3
1590469609 256 235 44 9 1 3
1590480778 257 235 44 9 1 3
1590481236 258 235 44 9 1 3
1590496148 259 235 44 9 1 3
1590497659 260 235 44 9 1 3
1590588326 261 235 44 9 1 3
1590644186 262 235 44 9 1 3
1590644725 263 235 44 9 1 3
1590645908 264 235 44 9 1 3
1590667838 265 235 44 9 1 3
1590761529 266 235 44 9 1 3
1590824903 267 235 44 9 1 3
1590914085 267 236 44 9 1 3
1590988682 267 236 45 9 1 3
1591007632 267 236 46 9 1 3
1591184211 267 237 46 9 1 3
1591187614 268 237 46 9 1 3
1591187660 269 237 46 9 1 3
1591188457 269 237 46 9 2 3
1591270051 270 237 46 9 2 3
1591270299 271 237 46 9 2 3
1591363532 272 237 46 9 2 3
1591516835 273 237 46 9 2 3
1591527531 274 237 46 9 2 3
1591528908 275 237 46 9 2 3
1591530687 276 237 46 9 2 3
1591532435 277 237 46 9 2 3
1591540108 278 237 46 9 2 3
1591594373 279 237 46 9 2 3
1591595943 279 238 46 9 2 3
1591595995 279 239 46 9 2 3
1591596018 279 240 46 9 2 3
1591599131 279 240 47 9 2 3
1591606462 279 240 48 9 2 3
1591669042 280 240 48 9 2 3
1591669104 281 240 48 9 2 3
1591670353 282 240 48 9 2 3
1591675301 283 240 48 9 2 3
1591687544 284 240 48 9 2 3
1591707815 285 240 48 9 2 3
1591839927 286 240 48 9 2 3
1591853204 287 240 48 9 2 3
1591864692 288 240 48 9 2 3
1591927371 289 240 48 9 2 3
1591942038 290 240 48 9 2 3
1591962761 291 240 48 9 2 3
1592028488 292 240 48 9 2 3
1592032177 292 240 49 9 2 3
1592040805 293 240 49 9 2 3
1592040847 294 240 49 9 2 3
1592043270 295 240 49 9 2 3
1592050580 296 240 49 9 2 3
1592056157 296 240 50 9 2 3
1592110222 297 240 50 9 2 3
1592110265 298 240 50 9 2 3
1592111321 299 240 50 9 2 3
1592142020 299 240 51 9 2 3
1592196325 299 241 51 9 2 3
1592196378 299 242 51 9 2 3
1592227084 299 243 51 9 2 3
1592228353 299 244 51 9 2 3
1592240591 299 244 52 9 2 3
1592275322 300 244 52 9 2 3
1592275354 301 244 52 9 2 3
1592284061 302 244 52 9 2 3
1592292884 303 244 52 9 2 3
1592293711 304 244 52 9 2 3
1592299224 305 244 52 9 2 3
1592300737 306 244 52 9 2 3
1592308816 307 244 52 9 2 3
1592309978 308 244 52 9 2 3
1592311127 309 244 52 9 2 3
1592312053 310 244 52 9 2 3
1592322660 310 245 52 9 2 3
1592323176 310 246 52 9 2 3
1592323307 310 247 52 9 2 3
1592323546 310 248 52 9 2 3
1592324325 310 249 52 9 2 3
1592386184 310 250 52 9 2 3
1592390013 311 250 52 9 2 3
1592390099 312 250 52 9 2 3
1592413391 312 250 53 9 2 3
1592419856 312 250 54 9 2 3
1592451924 312 250 55 9 2 3
1592459302 312 251 55 9 2 3
1592459377 312 252 55 9 2 3
1592459437 312 253 55 9 2 3
1592459494 312 254 55 9 2 3
1592459538 312 255 55 9 2 3
1592459629 312 256 55 9 2 3
1592459948 313 256 55 9 2 3
1592459991 314 256 55 9 2 3
1592476788 314 256 56 9 2 3
1592491163 314 256 57 9 2 3
1592501116 314 257 57 9 2 3
1592501328 314 258 57 9 2 3
1592504917 314 259 57 9 2 3
1592506228 314 260 57 9 2 3
1592506316 314 261 57 9 2 3
1592507194 314 262 57 9 2 3
1592544222 315 262 57 9 2 3
1592544247 316 262 57 9 2 3
1592544462 317 262 57 9 2 3
1592550415 317 262 58 9 2 3
1592551025 318 262 58 9 2 3
1592551116 319 262 58 9 2 3
1592573949 320 262 58 9 2 3
1592650233 321 262 58 9 2 3
1592650520 322 262 58 9 2 3
1592650858 323 262 58 9 2 3
1592662620 323 263 58 9 2 3
1592673204 324 263 58 9 2 3
1592673476 325 263 58 9 2 3
1592723828 326 263 58 9 2 3
1592732576 327 263 58 9 2 3
1592734821 327 263 58 9 3 3
1592736373 328 263 58 9 3 3
1592736413 329 263 58 9 3 3
1592736995 330 263 58 9 3 3
1592740079 331 263 58 9 3 3
1592740376 332 263 58 9 3 3
1592741616 333 263 58 9 3 3
1592741992 334 263 58 9 3 3
1592747670 335 263 58 9 3 3
1592748947 335 264 58 9 3 3
1592749039 335 265 58 9 3 3
1592761797 335 266 58 9 3 3
1592767377 335 267 58 9 3 3
1592768187 335 268 58 9 3 3
1592768415 335 269 58 9 3 3
1592784993 335 269 59 9 3 3
1592798597 335 270 59 9 3 3
1592841359 335 271 59 9 3 3
1592842779 335 272 59 9 3 3
1592842931 335 273 59 9 3 3
1592843759 335 274 59 9 3 3
1592848178 335 274 60 9 3 3
1592904006 336 274 60 9 3 3
1592904043 337 274 60 9 3 3
1592914130 338 274 60 9 3 3
1592916537 339 274 60 9 3 3
1592966093 339 275 60 9 3 3
1592966183 339 276 60 9 3 3
1592966881 339 277 60 9 3 3
1592966917 339 278 60 9 3 3
1592969445 340 278 60 9 3 3
1592971582 340 279 60 9 3 3
1593008505 340 279 61 9 3 3
1593011683 341 279 61 9 3 3
1593011771 342 279 61 9 3 3
1593104529 342 279 62 9 3 3
1593104551 342 279 63 9 3 3
1593158713 342 279 64 9 3 3
1593171462 342 279 65 9 3 3
1593251394 343 279 65 9 3 3
1593251423 344 279 65 9 3 3
1593262472 345 279 65 9 3 3
1593262641 346 279 65 9 3 3
1593262815 347 279 65 9 3 3
1593263125 348 279 65 9 3 3
1593263165 349 279 65 9 3 3
1593263572 350 279 65 9 3 3
1593439092 351 279 65 9 3 3
1593590428 352 279 65 9 3 3
1593591134 353 279 65 9 3 3
1593670036 353 280 65 9 3 3
1593670106 353 281 65 9 3 3
1593670379 353 282 65 9 3 3
1593789926 354 282 65 9 3 3
1593791367 355 282 65 9 3 3
1593972144 355 283 65 9 3 3
1593972261 355 284 65 9 3 3
1593972309 355 285 65 9 3 3
1593972367 355 286 65 9 3 3
1593972431 355 287 65 9 3 3
1593972710 355 288 65 9 3 3
1593972781 355 289 65 9 3 3
1593972816 355 290 65 9 3 3
1593972902 355 291 65 9 3 3
1594045565 356 291 65 9 3 3
1594045658 357 291 65 9 3 3
1594046694 358 291 65 9 3 3
1594464498 358 292 65 9 3 3
1594464622 358 293 65 9 3 3
1594464700 358 294 65 9 3 3
1594464765 358 295 65 9 3 3
1594470558 358 296 65 9 3 3
1594707941 359 296 65 9 3 3
1594708237 360 296 65 9 3 3
1594734619 361 296 65 9 3 3
1594780990 362 296 65 9 3 3
1594781696 363 296 65 9 3 3
1594783715 364 296 65 9 3 3
1594893402 364 296 66 9 3 3
1594894323 364 296 67 9 3 3
1594894617 364 296 68 9 3 3
1594895344 364 296 69 9 3 3
1594917087 364 296 70 9 3 3
1594963280 365 296 70 9 3 3
1594963315 366 296 70 9 3 3
1595000635 367 296 70 9 3 3
1595117539 368 296 70 9 3 3
1595146822 369 296 70 9 3 3
1595162269 370 296 70 9 3 3
1595169014 371 296 70 9 3 3
1595172583 371 296 70 9 4 3
1595225665 372 296 70 9 4 3
1595225714 373 296 70 9 4 3
1595247463 374 296 70 9 4 3
1595399959 375 296 70 9 4 3
1595408223 376 296 70 9 4 3
1595418003 377 296 70 9 4 3
1595469399 378 296 70 9 4 3
1595470350 379 296 70 9 4 3
1595471406 380 296 70 9 4 3
1595488454 381 296 70 9 4 3
1595496698 381 297 70 9 4 3
1595502238 381 298 70 9 4 3
1595502253 381 299 70 9 4 3
1595502385 381 300 70 9 4 3
1595506598 382 300 70 9 4 3
1595506664 383 300 70 9 4 3
1595516985 383 301 70 9 4 3
1595606060 383 301 70 9 5 3
1595607959 383 301 71 9 5 3
1595667070 384 301 71 9 5 3
1595667967 385 301 71 9 5 3
1595668438 386 301 71 9 5 3
1595669359 387 301 71 9 5 3
1595669821 388 301 71 9 5 3
1595719783 389 301 71 9 5 3
1595751384 390 301 71 9 5 3
1595755520 391 301 71 9 5 3
1595773195 392 301 71 9 5 3
1595814834 393 301 71 9 5 3
1595818062 393 302 71 9 5 3
1595898876 394 302 71 9 5 3
1595898910 395 302 71 9 5 3
1595900227 396 302 71 9 5 3
1595913511 396 303 71 9 5 3
1595914594 396 304 71 9 5 3
1595915048 396 305 71 9 5 3
1595915117 396 306 71 9 5 3
1595934087 397 306 71 9 5 3
1595934130 398 306 71 9 5 3
1595951359 398 307 71 9 5 3
1595951739 398 308 71 9 5 3
1595951928 398 309 71 9 5 3
1595989467 399 309 71 9 5 3
1595989511 400 309 71 9 5 3
1595990226 401 309 71 9 5 3
1595991452 402 309 71 9 5 3
1595992646 403 309 71 9 5 3
1595993979 403 310 71 9 5 3
1595994096 403 311 71 9 5 3
1595994656 403 312 71 9 5 3
1595994842 403 313 71 9 5 3
1595995268 403 314 71 9 5 3
1596000780 403 315 71 9 5 3
1596002301 404 315 71 9 5 3
1596002326 405 315 71 9 5 3
1596005937 405 316 71 9 5 3
1596006139 405 317 71 9 5 3
1596006779 405 318 71 9 5 3
1596011075 406 318 71 9 5 3
1596011133 407 318 71 9 5 3
1596021508 407 319 71 9 5 3
1596021643 407 320 71 9 5 3
1596022303 407 321 71 9 5 3
1596024145 407 322 71 9 5 3
1596028464 407 323 71 9 5 3
1596029185 407 323 72 9 5 3
1596091337 408 323 72 9 5 3
1596092013 408 324 72 9 5 3
1596092190 408 325 72 9 5 3
1596095151 408 326 72 9 5 3
1596095682 408 327 72 9 5 3
1596177379 409 327 72 9 5 3
1596195531 410 327 72 9 5 3
1596254484 411 327 72 9 5 3
1596256520 412 327 72 9 5 3
1596261055 413 327 72 9 5 3
1596266876 414 327 72 9 5 3
1596349189 415 327 72 9 5 3
1596360588 416 327 72 9 5 3
1596387306 416 328 72 9 5 3
1596418100 417 328 72 9 5 3
1596420838 418 328 72 9 5 3
1596423295 419 328 72 9 5 3
1596467894 419 329 72 9 5 3
1596468038 419 330 72 9 5 3
1596505496 420 330 72 9 5 3
1596505563 421 330 72 9 5 3
1596533924 422 330 72 9 5 3
1596534022 423 330 72 9 5 3
1596550868 423 331 72 9 5 3
1596557925 423 332 72 9 5 3
1596557981 423 333 72 9 5 3
1596558137 423 334 72 9 5 3
1596558977 423 335 72 9 5 3
1596561464 423 336 72 9 5 3
1596562105 423 337 72 9 5 3
1596566122 423 338 72 9 5 3
1596608831 424 338 72 9 5 3
1596609160 425 338 72 9 5 3
1596610720 426 338 72 9 5 3
1596613039 427 338 72 9 5 3
1596625719 428 338 72 9 5 3
1596626350 429 338 72 9 5 3
1596626605 430 338 72 9 5 3
1596674900 431 338 72 9 5 3
1596675368 432 338 72 9 5 3
1596700470 432 339 72 9 5 3
1596700799 432 340 72 9 5 3
1596701454 432 341 72 9 5 3
1596701800 432 342 72 9 5 3
1596702223 432 343 72 9 5 3
1596703146 432 344 72 9 5 3
1596704704 432 344 72 9 6 3
1596711383 433 344 72 9 6 3
1596711524 434 344 72 9 6 3
1596711669 435 344 72 9 6 3
1596711683 436 344 72 9 6 3
1596711695 437 344 72 9 6 3
1596712272 438 344 72 9 6 3
1596720135 439 344 72 9 6 3
1596724882 440 344 72 9 6 3
1596736214 440 345 72 9 6 3
1596851956 440 346 72 9 6 3
1596853346 440 347 72 9 6 3
1596853742 440 348 72 9 6 3
1596854354 440 349 72 9 6 3
1596854638 440 350 72 9 6 3
1596855690 440 351 72 9 6 3
1596872572 440 352 72 9 6 3
1596890746 441 352 72 9 6 3
1596890792 442 352 72 9 6 3
1596976740 443 352 72 9 6 3
1596977188 444 352 72 9 6 3
1596977909 445 352 72 9 6 3
1596982100 446 352 72 9 6 3
1596982208 447 352 72 9 6 3
1596984441 447 353 72 9 6 3
1596984910 447 353 73 9 6 3
1597017605 448 353 73 9 6 3
1597027990 449 353 73 9 6 3
1597028003 450 353 73 9 6 3
1597028273 451 353 73 9 6 3
1597030001 452 353 73 9 6 3
1597031051 453 353 73 9 6 3
1597043792 454 353 73 9 6 3
1597054301 454 354 73 9 6 3
1597055922 455 354 73 9 6 3
1597055989 456 354 73 9 6 3
1597080577 456 355 73 9 6 3
1597080727 456 356 73 9 6 3
1597081155 456 357 73 9 6 3
1597103153 457 357 73 9 6 3
1597121736 458 357 73 9 6 3
1597123728 459 357 73 9 6 3
1597148255 460 357 73 9 6 3
1597148273 461 357 73 9 6 3
1597149286 461 358 73 9 6 3
1597152844 461 359 73 9 6 3
1597166927 461 360 73 9 6 3
1597201390 462 360 73 9 6 3
1597213822 463 360 73 9 6 3
1597215931 463 361 73 9 6 3
1597215970 463 362 73 9 6 3
1597217052 464 362 73 9 6 3
1597217120 465 362 73 9 6 3
1597222502 466 362 73 9 6 3
1597223232 466 362 74 9 6 3
1597223706 466 362 75 9 6 3
1597225113 467 362 75 9 6 3
1597225160 468 362 75 9 6 3
1597228977 469 362 75 9 6 3
1597229184 469 363 75 9 6 3
1597229617 469 364 75 9 6 3
1597237637 469 365 75 9 6 3
1597238372 469 365 76 9 6 3
1597239492 469 366 76 9 6 3
1597239625 469 367 76 9 6 3
1597239678 469 368 76 9 6 3
1597240322 469 369 76 9 6 3
1597240810 469 370 76 9 6 3
1597245224 469 370 77 9 6 3
1597245440 469 370 78 9 6 3
1597246266 469 371 78 9 6 3
1597248315 469 371 78 9 7 3
1597250854 469 372 78 9 7 3
1597256065 469 373 78 9 7 3
1597256103 469 374 78 9 7 3
1597256518 469 375 78 9 7 3
1597257996 469 376 78 9 7 3
1597289224 469 376 79 9 7 3
1597292734 469 376 80 9 7 3
1597306140 470 376 80 9 7 3
1597386776 471 376 80 9 7 3
1597387097 471 377 80 9 7 3
1597387178 471 378 80 9 7 3
1597387994 471 379 80 9 7 3
1597404999 471 380 80 9 7 3
1597472305 471 381 80 9 7 3
1597473092 471 382 80 9 7 3
1597476856 471 383 80 9 7 3
1597477714 471 384 80 9 7 3
1597478062 471 385 80 9 7 3
1597478212 471 386 80 9 7 3
1597503239 471 387 80 9 7 3
1597503372 471 388 80 9 7 3
1597507586 471 389 80 9 7 3
1597578670 471 390 80 9 7 3
1597587116 471 391 81 9 7 3
1597594430 471 392 81 9 7 3
1597594506 471 393 81 9 7 3
1597599021 471 394 81 9 7 3
1597602864 471 395 81 9 7 3
1597661607 472 395 81 9 7 3
1597669037 472 395 82 9 7 3
1597672790 473 395 82 9 7 3
1597672937 474 395 82 9 7 3
1597672951 475 395 82 9 7 3
1597751408 476 395 82 9 7 3
1597764260 476 396 82 9 7 3
1597764736 476 396 83 9 7 3
1597765843 476 397 83 9 7 3
1597766070 476 398 83 9 7 3
1597766089 476 399 83 9 7 3
1597847550 476 399 84 9 7 3
1597847722 476 399 85 9 7 3
1597900017 477 399 85 9 7 3
1597900035 478 399 85 9 7 3
1597900113 479 399 85 9 7 3
1597974165 480 399 85 9 7 3
1597974257 481 399 85 9 7 3
1597991569 482 399 85 9 7 3
1597991759 483 399 85 9 7 3
1598064808 484 399 85 9 7 3
1598065184 485 399 85 9 7 3
1598258987 486 399 85 9 7 3
1598267976 487 399 85 9 7 3
1598269047 488 399 85 9 7 3
1598273748 489 399 85 9 7 3
1598273973 490 399 85 9 7 3
1598281077 490 399 86 9 7 3
1598281366 490 399 87 9 7 3
1598282604 490 399 88 9 7 3
1598317753 491 399 88 9 7 3
1598317836 492 399 88 9 7 3
1598321425 493 399 88 9 7 3
1598341839 493 399 89 9 7 3
1598365227 493 399 90 9 7 3
1598445519 494 399 90 9 7 3
1598610357 495 399 90 9 7 3
1598610715 496 399 90 9 7 3
1598675028 497 399 90 9 7 3
1598676544 497 400 90 9 7 3
1598847383 497 400 91 9 7 3
1598851148 497 401 91 9 7 3
1598858859 498 401 91 9 7 3
1598859532 499 401 91 9 7 3
1598859736 500 401 91 9 7 3
1598868715 500 402 91 9 7 3
1598960944 501 402 91 9 7 3
1599009449 502 402 91 9 7 3
1599010517 502 403 91 9 7 3
1599012001 503 403 91 9 7 3
1599016504 503 404 91 9 7 3
1599016816 503 405 91 9 7 3
1599023493 504 405 91 9 7 3
1599033084 504 406 91 9 7 3
1599045417 505 406 91 9 7 3
1599045455 506 406 91 9 7 3
1599285591 506 407 91 9 7 3
1599376784 506 408 91 9 7 3
1599414924 506 409 91 9 7 3
1599417466 506 410 91 9 7 3
1599481879 507 410 91 9 7 3
1599483442 508 410 91 9 7 3
1599484072 509 410 91 9 7 3
1599484392 510 410 91 9 7 3
1599491166 510 411 91 9 7 3
1599537004 511 411 91 9 7 3
1599544164 511 411 92 9 7 3
1599561558 512 411 92 9 7 3
1599623802 512 411 93 9 7 3
1599632322 512 411 94 9 7 3
1599652577 512 411 95 9 7 3
1599720041 513 411 95 9 7 3
1599733998 513 411 96 9 7 3
1599751505 513 411 97 9 7 3
1599752379 513 411 98 9 7 3
1599840660 513 411 99 9 7 3
1599842360 513 411 100 9 7 3
1599844790 513 411 101 9 7 3
1599847781 513 411 102 9 7 3
1599913181 514 411 102 9 7 3
1599923303 514 411 103 9 7 3
1599925861 514 411 104 9 7 3
1599935592 514 411 105 9 7 3
1600008778 514 411 106 9 7 3
1600009097 514 411 107 9 7 3
1600011162 514 411 108 9 7 3
1600049802 514 412 108 9 7 3
1600082663 514 412 109 9 7 3
1600103033 514 412 110 9 7 3
1600103975 514 412 111 9 7 3
1600104527 514 412 112 9 7 3
1600104792 514 412 113 9 7 3
1600105012 514 412 114 9 7 3
1600105164 514 412 115 9 7 3
1600105494 514 412 116 9 7 3
1600106684 514 412 117 9 7 3
1600139429 514 412 118 9 7 3
1600150059 515 412 118 9 7 3
1600169438 515 413 118 9 7 3
1600169791 515 413 119 9 7 3
1600169871 515 414 119 9 7 3
1600169901 515 415 119 9 7 3
1600172464 516 415 119 9 7 3
1600177311 516 415 120 9 7 3
1600179336 516 415 121 9 7 3
1600180007 516 415 122 9 7 3
1600180297 516 415 123 9 7 3
1600182612 516 416 123 9 7 3
1600182655 516 416 124 9 7 3
1600182793 516 417 124 9 7 3
1600182952 516 417 125 9 7 3
1600188329 516 417 126 9 7 3
1600189063 516 417 127 9 7 3
1600195080 516 417 128 9 7 3
1600195816 516 417 129 9 7 3
1600237522 516 418 129 9 7 3
1600244684 516 418 130 9 7 3
1600246692 516 419 130 9 7 3
1600247116 516 420 130 9 7 3
1600247896 516 421 130 9 7 3
1600248091 516 422 130 9 7 3
1600249776 516 423 130 9 7 3
1600260771 516 423 131 9 7 3
1600262178 516 423 132 9 7 3
1600263704 516 423 133 9 7 3
1600270597 516 423 134 9 7 3
1600274497 516 423 135 9 7 3
1600274880 516 423 136 9 7 3
1600275315 516 423 137 9 7 3
1600275820 516 423 138 9 7 3
1600276053 516 423 139 9 7 3
1600277217 516 423 140 9 7 3
1600277823 516 423 141 9 7 3
1600278388 516 424 141 9 7 3
1600278756 516 424 142 9 7 3
1600279787 516 424 143 9 7 3
1600280325 516 424 144 9 7 3
1600281641 516 424 145 9 7 3
1600340158 516 424 146 9 7 3
1600343511 516 424 147 9 7 3
1600344956 516 424 148 9 7 3
1600345382 516 424 149 9 7 3
1600353509 516 424 150 9 7 3
1600353990 516 424 151 9 7 3
1600359715 516 425 151 9 7 3
1600359825 516 426 151 9 7 3
1600425527 517 426 151 9 7 3
1600447225 517 426 152 9 7 3
1600453773 517 426 153 9 7 3
1600454012 517 426 154 9 7 3
1600623587 517 426 155 9 7 3
1600623862 517 427 155 9 7 3
1600623913 517 428 155 9 7 3
1600624850 517 428 156 9 7 3
1600624960 517 428 157 9 7 3
1600628473 517 428 158 9 7 3
1600630825 517 428 159 9 7 3
1600631497 517 428 160 9 7 3
1600632141 517 428 161 9 7 3
1600662509 517 429 161 9 7 3
1600665544 517 430 161 9 7 3
1600666120 517 430 162 9 7 3
1600666726 517 430 163 9 7 3
1600669218 517 430 164 9 7 3
1600671432 517 430 165 9 7 3
1600686147 517 430 166 9 7 3
1600699827 517 430 167 9 7 3
1600699945 517 430 168 9 7 3
1600700548 517 430 169 9 7 3
1600702636 517 431 169 9 7 3
1600702711 517 432 169 9 7 3
1600702757 517 433 169 9 7 3
1600702786 517 434 169 9 7 3
1600702941 517 434 170 9 7 3
1600705195 517 434 171 9 7 3
1600707988 517 435 171 9 7 3
1600711369 517 435 172 9 7 3
1600715718 517 435 173 9 7 3
1600753762 517 435 174 9 7 3
1600754164 517 435 175 9 7 3
1600769329 517 435 176 9 7 3
1600781230 517 435 177 9 7 3
1600786461 517 436 177 9 7 3
1600789034 517 436 178 9 7 3
1600793988 517 437 178 9 7 3
1600797053 517 437 179 9 7 3
1600797542 517 438 179 9 7 3
1600797651 517 439 179 9 7 3
1600798251 517 440 179 9 7 3
1600798609 517 440 180 9 7 3
1600868973 517 440 181 9 7 3
1600870894 517 440 182 9 7 3
1601024767 518 440 182 9 7 3
1601024883 518 441 182 9 7 3
1601034993 519 441 182 9 7 3
1601035158 520 441 182 9 7 3
1601035967 521 441 182 9 7 3
1601036278 522 441 182 9 7 3
1601049113 522 441 183 9 7 3
1601089220 522 442 183 9 7 3
1601091012 523 442 183 9 7 3
1601091051 524 442 183 9 7 3
1601099799 525 442 183 9 7 3
1601122101 526 442 183 9 7 3
1601122499 527 442 183 9 7 3
1601131893 528 442 183 9 7 3
1601133362 528 443 183 9 7 3
1601141125 528 444 183 9 7 3
1601143239 528 444 184 9 7 3
1601144428 528 444 185 9 7 3
1601172945 529 444 185 9 7 3
1601172986 530 444 185 9 7 3
1601173889 531 444 185 9 7 3
1601176915 531 444 186 9 7 3
1601194260 531 444 187 9 7 3
1601194294 532 444 187 9 7 3
1601194328 533 444 187 9 7 3
1601197973 533 444 188 9 7 3
1601215563 534 444 188 9 7 3
1601215597 535 444 188 9 7 3
1601220065 535 444 189 9 7 3
1601220809 536 444 189 9 7 3
1601220886 537 444 189 9 7 3
1601221438 537 444 190 9 7 3
1601221928 538 444 190 9 7 3
1601221985 539 444 190 9 7 3
1601222047 540 444 190 9 7 3
1601222681 541 444 190 9 7 3
1601225534 541 444 191 9 7 3
1601228684 541 445 191 9 7 3
1601229042 541 446 191 9 7 3
1601234125 541 446 192 9 7 3
1601234818 541 447 192 9 7 3
1601290636 541 447 193 9 7 3
1601291051 541 447 194 9 7 3
1601291852 542 447 194 9 7 3
1601304627 542 447 195 9 7 3
1601310049 542 447 196 9 7 3
1601313316 542 447 197 9 7 3
1601319578 542 447 198 9 7 3
1601341102 543 447 198 9 7 3
1601341134 544 447 198 9 7 3
1601349672 545 447 198 9 7 3
1601356288 546 447 198 9 7 3
1601384473 546 447 199 9 7 3
1601435500 546 448 199 9 7 3
1601437087 546 449 199 9 7 3
1601437149 546 450 199 9 7 3
1601438851 546 451 199 9 7 3
1601439725 546 452 199 9 7 3
1601440341 546 453 199 9 7 3
1601443545 546 453 200 9 7 3
1601448757 546 454 200 9 7 3
1601450854 546 454 201 9 7 3
1601460458 547 454 201 9 7 3
1601468833 547 454 202 9 7 3
1601469253 547 454 203 9 7 3
1601470048 547 454 204 9 7 3
1601471686 547 454 205 9 7 3
1601477172 547 454 206 9 7 3
1601477468 547 455 206 9 7 3
1601477722 547 455 207 9 7 3
1601481363 547 455 208 9 7 3
1601482427 547 456 208 9 7 3
1601482676 547 457 208 9 7 3
1601482690 547 458 208 9 7 3
1601482719 547 459 208 9 7 3
1601485107 547 459 209 9 7 3
1601485784 547 460 209 9 7 3
1601487736 547 461 209 9 7 3
1601488774 547 461 210 9 7 3
1601493143 547 462 210 9 7 3
1601493243 547 463 210 9 7 3
1601557030 547 463 211 9 7 3
1601566189 547 463 212 9 7 3
1601569911 547 463 213 9 7 3
1601570461 547 463 214 9 7 3
1601570504 547 463 215 9 7 3
1601575354 547 463 216 9 7 3
1601620997 547 464 216 9 7 3
1601711388 547 464 217 9 7 3
1601744131 547 464 218 9 7 3
1601744471 547 464 219 9 7 3
1601876762 547 464 220 9 7 3
1601893533 547 464 221 9 7 3
1601898536 547 464 222 9 7 3
1601902760 547 464 223 9 7 3
1601912758 547 465 223 9 7 3
1601912989 547 466 223 9 7 3
1601916718 547 466 224 9 7 3
1601916813 547 467 224 9 7 3
1601916874 547 467 225 9 7 3
1601917956 547 467 226 9 7 3
1601918522 547 468 226 9 7 3
1601920315 547 468 227 9 7 3
1601921171 547 469 227 9 7 3
1601922455 547 470 227 9 7 3
1601924416 547 470 228 9 7 3
1601973388 547 470 229 9 7 3
1601974876 547 471 229 9 7 3
1601976844 547 472 229 9 7 3
1601978155 547 473 229 9 7 3
1601979819 547 474 229 9 7 3
1601988301 547 474 230 9 7 3
1601989129 547 474 231 9 7 3
1601990418 547 474 232 9 7 3
1601990844 547 474 233 9 7 3
1601992275 547 474 234 9 7 3
1601993599 547 474 235 9 7 3
1601995317 547 475 235 9 7 3
1601996504 547 475 236 9 7 3
1601997059 547 476 236 9 7 3
1601998348 547 476 237 9 7 3
1601998586 547 476 238 9 7 3
1602002366 547 476 239 9 7 3
1602007869 547 477 239 9 7 3
1602009285 547 477 240 9 7 3
1602055504 547 478 240 9 7 3
1602085979 547 478 241 9 7 3
1602094211 547 478 242 9 7 3
1602095465 547 478 243 9 7 3
1602095935 547 478 244 9 7 3
1602133876 547 479 244 9 7 3
1602416979 547 479 245 9 7 3
1602417291 547 479 246 9 7 3
1602417461 547 479 247 9 7 3
1602417859 547 479 248 9 7 3
1602519229 547 480 248 9 7 3
1603534282 547 481 248 9 7 3
1603547070 547 482 248 9 7 3
1603770807 547 483 248 9 7 3
1603799482 547 484 248 9 7 3
1603806294 547 484 249 9 7 3
1603809288 547 484 250 9 7 3
1603815265 547 485 250 9 7 3
1603987597 547 485 251 9 7 3
1604378622 547 485 252 9 7 3
1604378848 547 485 253 9 7 3
1604652628 547 485 254 9 7 3
1604653032 547 485 255 9 7 3
1604655173 547 486 255 9 7 3
1604764105 547 487 255 9 7 3
1604821973 547 487 256 9 7 3
1604822383 547 487 257 9 7 3
1604839040 547 487 258 9 7 3
1604849322 547 488 258 9 7 3
1604850452 547 489 258 9 7 3
1604855168 547 490 258 9 7 3
1604922471 547 490 259 9 7 3
1604922731 547 490 260 9 7 3
1604925268 547 490 261 9 7 3
1604926799 547 490 262 9 7 3
1604927308 547 490 263 9 7 3
1604930078 547 490 264 9 7 3
1604985851 547 490 265 9 7 3
1604985866 547 490 266 9 7 3
1604986349 547 490 267 9 7 3
1605029938 547 490 268 9 7 3
1605165407 547 491 268 9 7 3
1605168261 547 491 269 9 7 3
1605176597 547 492 269 9 7 3
1605192891 547 492 270 9 7 3
1605420703 547 493 270 9 7 3
1605421106 547 494 270 9 7 3
1605421171 547 495 270 9 7 3
1605440451 547 495 271 9 7 3
1605488185 547 496 271 9 7 3
1605496837 547 497 271 9 7 3
1605513700 547 498 271 9 7 3
1605539163 547 498 272 9 7 3
1605541715 547 498 273 9 7 3
1605542397 547 498 274 9 7 3
1605582562 547 499 274 9 7 3
1605583056 547 500 274 9 7 3
1605583263 547 501 274 9 7 3
1605596170 547 501 275 9 7 3
1605601696 547 501 276 9 7 3
1605603407 547 501 277 9 7 3
1605603941 547 501 278 9 7 3
1605604321 547 501 279 9 7 3
1605604809 547 501 280 9 7 3
1605606240 547 501 281 9 7 3
1605606751 547 501 282 9 7 3
1605607157 547 502 282 9 7 3
1605607613 547 503 282 9 7 3
1605607813 547 504 283 9 7 3
1605608387 547 505 283 9 7 3
1605608537 547 506 283 9 7 3
1605608801 547 507 283 9 7 3
1605608937 547 508 283 9 7 3
1605609518 547 509 283 9 7 3
1605610036 547 510 283 9 7 3
1605612595 547 511 283 9 7 3
1605612707 547 512 283 9 7 3
1605613496 547 513 283 9 7 3
1605625324 547 514 283 9 7 3
1605625607 547 515 283 9 7 3
1605626217 547 516 283 9 7 3
1605628014 547 517 283 9 7 3
1605628116 547 518 283 9 7 3
1605628551 547 519 283 9 7 3
1605628701 547 520 283 9 7 3
1605630515 547 521 283 9 7 3
1605631750 547 521 284 9 7 3
1605632817 547 521 285 9 7 3
1605698068 547 521 286 9 7 3
1605718808 547 522 286 9 7 3
1605956141 547 523 286 9 7 3
1605968487 547 523 287 9 7 3
1605975136 547 523 288 9 7 3
1605975263 547 523 289 9 7 3
1605975750 547 523 290 9 7 3
1605979361 547 523 291 9 7 3
1606052137 547 524 291 9 7 3
1606058478 547 525 291 9 7 3
1606059843 547 526 291 9 7 3
1606063683 547 527 291 9 7 3
1606100678 547 528 291 9 7 3
1606119894 547 528 292 9 7 3
1606131139 547 529 292 9 7 3
1606131596 547 530 292 9 7 3
1606146926 547 531 292 9 7 3
1606146977 547 532 292 9 7 3
1606147150 547 533 292 9 7 3
1606207661 547 534 292 9 7 3
1606208340 547 535 292 9 7 3
1606208375 547 536 292 9 7 3
1606208647 547 536 293 9 7 3
1606210157 547 537 293 9 7 3
1606213824 547 537 294 9 7 3
1606302997 547 538 294 9 7 3
1606323788 547 539 294 9 7 3
1606323840 547 540 294 9 7 3
1606330031 547 540 295 9 7 3
1606331249 547 540 296 9 7 3
1606365118 547 541 296 9 7 3
1606365899 547 542 296 9 7 3
1606372902 547 542 297 9 7 3
1606386833 547 543 297 9 7 3
1606397308 547 544 297 9 7 3
1606403300 547 545 297 9 7 3
1606404844 547 546 297 9 7 3
