1581652628 2
1581653341 3742
1581654462 6578
1581655388 6617
1581658382 6736
1581658449 6735
1581660111 6912
1581660364 7023
1581662756 7026
1581662805 7025
1581664109 7049
1581664309 7049
1581666602 7056
1581667076 7056
1581677128 7114
1581677724 7115
1581677982 7116
1581680959 7120
1581703310 7120
1581707423 7122
1581750764 7123
1581777557 7125
1581777853 7126
1581784462 7124
1581836552 7124
1581838164 7018
1581838205 6920
1581848344 6921
1581849944 6921
1581854202 6939
1581862441 6923
1581862517 6923
1581864883 6923
1581865188 6923
1581866538 7012
1581866880 7012
1581870362 7059
1581870437 7059
1581870523 7110
1581870733 7110
1581870767 7110
1581871248 7110
1581871372 7110
1581872426 7110
1581872465 7110
1581873940 7121
1581874203 7122
1581874281 7123
1581880572 7134
1581953231 7134
1581953302 7134
1581953506 7134
1581953541 7134
1581963867 7145
1582106511 7145
1582163268 7146
1582339983 7120
1582356002 7299
1582360462 7300
1582360623 7300
1582364165 7300
1582433842 7300
1582519106 7321
1582520191 7325
1582532465 7326
1582539717 7326
1582541022 7337
1582541091 7354
1582541375 7354
1582614379 7394
1582642676 7394
1582642845 7409
1582643285 7409
1582643357 7420
1582650592 7420
1582693268 7443
1582693362 7454
1582696274 7454
1582707514 7459
1582708426 7463
1582769491 7463
1582770673 7463
1582771986 7463
1582772882 7506
1582773707 7507
1582774364 7408
1582776961 7428
1582780987 7431
1582799834 7446
1582802207 7465
1582848204 7465
1582863288 7473
1582875143 7473
1582875244 7473
1582880365 7474
1582881695 7275
1582901776 7275
1582901785 7347
1582940271 7347
1583028356 7350
1583037696 7386
1583074653 7424
1583074668 7428
1583080203 7428
1583154089 7471
1583154410 7490
1583157842 7489
1583244200 7727
1583244327 7727
1583244565 7727
1583246398 7773
1583290784 7772
1583291990 7772
1583293833 7772
1583300712 7772
1583334595 7772
1583339575 7772
1583385536 7897
1583385902 7821
1583385968 7819
1583386604 7821
1583401250 7849
1583403019 7849
1583405847 7909
1583407150 7913
1583421047 7913
1583465166 7925
1583465194 7941
1583465305 7941
1583481384 7941
1583481411 7941
1583485359 7941
1583509385 7943
1583509744 7924
1583510400 7918
1583546560 8023
1583633737 8083
1583634334 8083
1583635083 8083
1583636946 8161
1583637293 8185
1583640370 8311
1583640458 8311
1583642926 8282
1583645087 8297
1583714307 8309
1583753160 8295
1583753201 8310
1583753994 8353
1583839616 8366
1583840165 8366
1583921021 8395
1583921044 8409
1583926172 8407
1583927382 8486
1583978128 8483
1583978160 8483
1583989451 8508
1583998318 8508
1584005636 8511
1584010285 8511
1584018375 8563
1584020164 8577
1584057503 8577
1584077006 8577
1584077043 8595
1584080383 8595
1584088139 8595
1584090151 8605
1584103349 8645
1584103411 8645
1584149359 8645
1584149752 8645
1584152323 8669
1584153068 8669
1584153267 8669
1584185611 8680
1584185679 8680
1584266279 8740
1584266557 8760
1584323264 8761
1584323299 8774
1584323337 8772
1584333293 8771
1584356622 8784
1584356674 8785
1584357428 8783
1584371387 8783
1584375591 8783
1584376335 8787
1584378641 8792
1584382238 8808
1584427140 8808
1584435976 8808
1584442496 8838
1584447094 8841
1584447129 8841
1584497241 8848
1584497506 8848
1584514805 8805
1584531663 8805
1584531716 8865
1584539941 8862
1584540440 8862
1584541044 8866
1584541223 8868
1584545152 8868
1584545815 8863
1584546062 8863
1584546159 8863
1584608872 8884
1584609781 8920
1584610093 8939
1584610246 8939
1584668203 8939
1584668313 8957
1584669185 8957
1584670122 8957
1584672834 8957
1584672885 8957
1584676685 8957
1584676802 8957
1584684899 8957
1584684981 8958
1584685764 8959
1584686398 8959
1584686426 8959
1584686465 8959
1584686501 8959
1584696833 8961
1584698340 8961
1584698827 8961
1584699186 8961
1584699513 8961
1584700023 8961
1584755052 8961
1584755244 8969
1584790919 8969
1584804839 8963
1584852747 8929
1584854665 8946
1584854911 8946
1584855170 8946
1584855233 8940
1584884811 8937
1584884965 8933
1584935286 8933
1584954066 8958
1584954268 8958
1584954296 8958
1584954380 8958
1584972367 8960
1584972841 8978
1585013528 8978
1585027237 9013
1585058994 9021
1585095995 9022
1585096062 9025
1585182654 9033
1585182699 9070
1585197804 9073
1585272526 9102
1585272573 9123
1585372849 9123
1585372875 9125
1585529196 9125
1585540456 9125
1585540654 9125
1585542682 9145
1585542829 9145
1585701092 9145
1585704560 9145
1585712191 9145
1585729814 9149
1585729857 9165
1585732624 9165
1585732662 9165
1585733866 9165
1585739905 9167
1585739931 9167
1585747231 9169
1585747461 9178
1585747996 9178
1585753579 9260
1585758090 9260
1585806483 9262
1585806915 9283
1585807049 9285
1585807757 9306
1585814220 9301
1587643236 9302
1587644823 9302
1587751286 9301
1587751405 9301
1587751630 9301
1587799334 9310
1587875558 9310
1587877564 9310
1587894518 9999
1587962664 10005
1587962719 10005
1587965002 10005
1587967193 10056
1587969592 10056
1588079019 10061
1588079090 10059
1588079324 10088
1588093897 10093
1588163336 10099
1588163392 10145
1588167011 10161
1588390427 10165
1588390463 10203
1588393646 10210
1588416757 10210
1588420733 10211
1588493517 10214
1588567544 10216
1588666291 10219
1588666332 10239
1588668187 10247
1588668216 10252
1588737132 10252
1588738989 10252
1588739029 10262
1588741459 10278
1588743947 10286
1588866220 10323
1588866280 10449
1588939600 10556
1589011037 10680
1589011127 10690
1589011242 10694
1589014743 10706
1589014938 10708
1589020606 10700
1589102590 10863
1589113816 10943
1589242027 10943
1589270248 10946
1589289797 10946
1589328087 10947
1589373077 10947
1589373160 11035
1589697384 11143
1589697431 11263
1589722218 11263
1589722356 11264
1589762685 11272
1589788764 11304
1589799788 11305
1589811205 11305
1589859042 11305
1589859080 11478
1589869327 11489
1589869553 11489
1589878967 11495
1589879099 11496
1589880891 11496
1589881709 11489
1589882172 11485
1589891644 11502
1589943527 11502
1589943589 11503
1589948415 11487
1589973927 11489
1589974022 11623
1589974137 11621
1589975171 11645
1589978212 11653
1589978950 11655
1589983208 11697
1589983559 11698
1589983622 11698
1589984351 11730
1589985013 11732
1589987239 11732
1589991477 11745
1589991707 11745
1590046794 11712
1590060252 11712
1590317631 11718
1590317698 11726
1590365525 11842
1590373629 11856
1590373694 11845
1590469556 11845
1590469609 12053
1590480778 12053
1590481236 12053
1590496148 12180
1590497659 12180
1590588326 12473
1590644186 12646
1590644725 12712
1590645908 12736
1590667838 12845
1590761529 13068
1590824903 13072
1591187614 13073
1591187660 13202
1591270051 13206
1591270299 13216
1591363532 13281
1591516835 13404
1591527531 13537
1591528908 13537
1591530687 13680
1591532435 13694
1591540108 13795
1591594373 13798
1591669042 13798
1591669104 14190
1591670353 14190
1591675301 14193
1591687544 14246
1591707815 14249
1591839927 14250
1591853204 14250
1591864692 14244
1591927371 14291
1591942038 14334
1591962761 14728
1592028488 14745
1592040805 14745
1592040847 14755
1592043270 14755
1592050580 14764
1592110222 14772
1592110265 14772
1592111321 14773
1592275322 14807
1592275354 14887
1592284061 14887
1592292884 14879
1592293711 14879
1592299224 14879
1592300737 14879
1592308816 14881
1592309978 14883
1592311127 14884
1592312053 14885
1592390013 14904
1592390099 15135
1592459948 15466
1592459991 15606
1592544222 15614
1592544247 15622
1592544462 15622
1592551025 15881
1592551116 15880
1592573949 15880
1592650233 15952
1592650520 15818
1592650858 15651
1592673204 15451
1592673476 15568
1592723828 15554
1592732576 15572
1592736373 15673
1592736413 15673
1592736995 15673
1592740079 15671
1592740376 15726
1592741616 15726
1592741992 15726
1592747670 15727
1592748947 15741
1592749039 15753
1592761797 15754
1592767377 15808
1592768187 15862
1592768415 15861
1592904006 15861
1592904043 16257
1592914130 16309
1592916537 16309
1592966093 16312
1592966183 16312
1592966881 16313
1592966917 16313
1592969445 16432
1593011683 16407
1593011771 16457
1593251394 16457
1593251423 16909
1593262472 16925
1593262641 16934
1593262815 17092
1593263125 17090
1593263165 17115
1593263572 17352
1593439092 17875
1593590428 17904
1593591134 17943
1593670036 17949
1593670106 17949
1593670379 17958
1593789926 18086
1593791367 18200
1594045565 18284
1594045658 18578
1594046694 18686
1594464498 18692
1594464622 18725
1594464700 18697
1594464765 18699
1594470558 18699
1594707941 18772
1594708237 18774
1594734619 18776
1594780990 18789
1594781696 18825
1594783715 18461
1594963280 18461
1594963315 18576
1595000635 18773
1595117539 18972
1595146822 19078
1595162269 19358
1595169014 19590
1595225665 19625
1595225714 19627
1595247463 19790
1595399959 19790
1595408223 19790
1595418003 19806
1595469399 19821
1595470350 19829
1595471406 19964
1595488454 19970
1595506598 19975
1595506664 19908
1595516985 20077
1595606060 20077
1595607959 20080
1595667070 20162
1595667967 20181
1595668438 20217
1595669359 20221
1595669821 20213
1595719783 20213
1595751384 20217
1595755520 20304
1595773195 20276
1595814834 20284
1595898876 20284
1595898910 20418
1595900227 20418
1595934087 20446
1595934130 20446
1595989467 20466
1595989511 20469
1595990226 20537
1595991452 20545
1595992646 20544
1596002301 20544
1596002326 20568
1596011075 20568
1596011133 20568
1596021508 20568
1596021643 20568
1596022303 20568
1596024145 20568
1596028464 20568
1596029185 20568
1596091337 20559
1596092013 20559
1596092190 20559
1596095151 20572
1596095682 20575
1596177379 20759
1596195531 20759
1596254484 20748
1596256520 20746
1596261055 20773
1596266876 20644
1596349189 20832
1596360588 20832
1596387306 20847
1596418100 20861
1596420838 20910
1596423295 20910
1596505496 21146
1596505563 21202
1596533924 21181
1596534022 21182
1596550868 21182
1596557925 21182
1596557981 21183
1596558137 21183
1596558977 21183
1596561464 21183
1596562105 21183
1596566122 21200
1596608831 21206
1596609160 21212
1596610720 21290
1596613039 21290
1596625719 21266
1596626350 21266
1596626605 21266
1596674900 21268
1596675368 21268
1596711383 21272
1596711524 21276
1596711669 21272
1596711683 21268
1596711695 21274
1596712272 21276
1596720135 21290
1596724882 21304
1596890746 21307
1596890792 21324
1596976740 21326
1596977188 21378
1596977909 21432
1596982100 21429
1596982208 21407
1597017605 21410
1597027990 21407
1597028003 21407
1597028273 21405
1597030001 21405
1597031051 21403
1597043792 21410
1597055922 21485
1597055989 21488
1597080577 21514
1597080727 21518
1597081155 21537
1597103153 21664
1597121736 21708
1597123728 21708
1597148255 21714
1597148273 21707
1597149286 21707
1597152844 21708
1597166927 21723
1597201390 21682
1597213822 21682
1597217052 21686
1597217120 21690
1597222502 21755
1597225113 21755
1597225160 21755
1597228977 21752
1597229184 21756
1597229617 21757
1597237637 21757
1597238372 21757
1597239492 21759
1597239625 21760
1597239678 21761
1597240322 21761
1597240810 21761
1597245224 21958
1597245440 21964
1597246266 21968
1597248315 21968
1597250854 21968
1597256065 21989
1597256103 21992
1597256518 21993
1597257996 22044
1597289224 22044
1597292734 22049
1597306140 22091
1597386776 22089
1597387097 22092
1597387178 22092
1597387994 22092
1597404999 22093
1597422291 22152
1597472305 22093
1597473092 22094
1597476856 22094
1597477714 22094
1597478062 22094
1597478212 22094
1597503239 22094
1597503372 22094
1597507586 22094
1597578670 22094
1597587116 22152
1597594430 22157
1597594506 22155
1597599021 22155
1597602864 22153
1597661607 22256
1597672790 22253
1597672937 22256
1597672951 22260
1597751408 22359
1597764260 22359
1597764736 22360
1597765843 22366
1597766070 22368
1597766089 22368
1597847550 22369
1597847722 22373
1597900017 22375
1597900035 22374
1597900113 22375
1597974165 22376
1597974257 22376
1597991569 22383
1597991759 22387
1598064808 22399
1598065184 22399
1598258987 22486
1598267976 22622
1598269047 22664
1598273748 22731
1598273973 22753
1598281077 22800
1598281366 22803
1598282604 22804
1598317753 22804
1598317836 22873
1598321425 23085
1598341839 23079
1598365227 23082
1598445519 23224
1598610357 23227
1598610715 23235
1598675028 23236
1598676544 23236
1598847383 23242
1598851148 23242
1598858859 23248
1598859532 23270
1598859736 23269
1598868715 23340
1598960944 23493
1599009449 23493
1599010517 23496
1599012001 23499
1599016504 23500
1599016816 23579
1599023493 23581
1599045417 23585
1599045455 23585
1599285591 23589
1599376784 23589
1599414924 23606
1599417466 23611
1599481879 23626
1599483442 23646
1599484072 23654
1599484392 23656
1599491166 23656
1599537004 23787
1599544164 23741
1599561558 23742
1599623802 23296
1599632322 23353
1599652577 23519
1599720041 23542
1599733998 23548
1599751505 24299
1599752379 24361
1599840660 24361
1599842360 24366
1599844790 24366
1599847781 24456
1599913181 24468
1599923303 24483
1599925861 24485
1599935592 24533
1600008778 24544
1600009097 24544
1600011162 24544
1600049802 24564
1600082663 24602
1600103033 24607
1600103975 24620
1600104527 24620
1600104792 24620
1600105012 24621
1600105164 24622
1600105494 24622
1600106684 24651
1600139429 24654
1600150059 24654
1600169438 24658
1600169791 24655
1600169871 24682
1600169901 24701
1600172464 24711
1600177311 24719
1600179336 24715
1600180007 24715
1600180297 24715
1600182612 24715
1600182655 24715
1600182793 24715
1600182952 24715
1600188329 24718
1600189063 24731
1600195080 24731
1600195816 24741
1600237522 24742
1600244684 24744
1600246692 24744
1600247116 24744
1600247896 24751
1600248091 24755
1600249776 24793
1600260771 24802
1600262178 24802
1600263704 24820
1600270597 24869
1600274497 24867
1600274880 24867
1600275315 24867
1600275820 24401
1600276053 24401
1600277217 24401
1600277823 24401
1600278388 24404
1600278756 24413
1600279787 24413
1600280325 24413
1600281641 24424
1600340158 24420
1600343511 24442
1600344956 24827
1600345382 24827
1600353509 24882
1600353990 24894
1600359715 24896
1600359825 24897
1600425527 24907
1600447225 24927
1600453773 25002
1600454012 24999
1600623587 25138
1600623862 25164
1600623913 25170
1600624850 25160
1600624960 25160
1600628473 25157
1600630825 25150
1600631497 25211
1600632141 25211
1600662509 25213
1600665544 25215
1600666120 25225
1600666726 25225
1600669218 25226
1600671432 25226
1600686147 25182
1600699827 25187
1600699945 25192
1600700548 25211
1600702636 25256
1600702711 25250
1600702757 25250
1600702786 25251
1600702941 25273
1600705195 25232
1600707988 25272
1600711369 25292
1600715718 25292
1600753762 25216
1600754164 25216
1600769329 25182
1600781230 25182
1600786461 25268
1600789034 25377
1600793988 25377
1600797053 25377
1600797542 25379
1600797651 25380
1600798251 25380
1600798609 25380
1600868973 25389
1600870894 25389
1601024767 25383
1601034993 25427
1601035158 25428
1601035967 25470
1601036278 25474
1601091012 25476
1601091051 25499
1601099799 25565
1601122101 25575
1601122499 25578
1601131893 25532
1601172945 25483
1601172986 25435
1601173889 25478
1601176915 25478
1601194294 25492
1601194328 25501
1601215563 25505
1601215597 25582
1601220809 25585
1601220886 25606
1601221928 25607
1601221985 26787
1601222047 26787
1601222681 26784
1601225534 26883
1601228684 26885
1601229042 26924
1601234125 26923
1601234818 26923
1601290636 26285
1601291051 26285
1601291852 26287
1601341102 26348
1601341134 26299
1601349672 26299
1601356288 26299
1601384473 26304
1601435500 26315
1601437087 26318
1601437149 26318
1601438851 26314
1601439725 26314
1601440341 26314
1601443545 26324
1601448757 26324
1601450854 26324
1601460458 26328
1601468833 26821
1601469253 26821
1601470048 26821
1601471686 26819
1601477172 26819
1601477468 26819
1601477722 26962
1601481363 26962
1601482427 26966
1601482676 26938
1601482690 26844
1601482719 26746
1601485107 27744
1601485784 27744
1601487736 27835
1601488774 27836
1601493143 27840
1601493243 27844
1601557030 27848
1601566189 27818
1601569911 27823
1601570461 27819
1601570504 27819
1601575354 27823
1601620997 27848
1601711388 27825
1601744131 27829
1601744471 27829
1601876762 27830
1601893533 27830
1601898536 27825
1601902760 27843
1601912758 27858
1601912989 27858
1601916718 27858
1601916813 27859
1601916874 27860
1601917956 27860
1601918522 27860
1601920315 27860
1601921171 27897
1601922455 27895
1601924416 27895
1601973388 27895
1601974876 27895
1601976844 27895
1601978155 27903
1601979819 27905
1601988301 27951
1601989129 27950
1601990418 27960
1601990844 27969
1601992275 27969
1601993599 27970
1601995317 27981
1601996504 27981
1601997059 27981
1601998348 27985
1601998586 27986
1602002366 27986
1602007869 28060
1602009285 28061
1602055504 28063
1602085979 28074
1602094211 28074
1602095465 28076
1602095935 28078
1602133876 28080
1602416979 28252
1602417291 28258
1602417461 28258
1602417859 28258
1602519229 28262
1603534282 28313
1603547070 28333
1603770807 28338
1603799482 28340
1603806294 28342
1603809288 28351
1603815265 28407
1603987597 28485
1604378622 28482
1604378848 28484
1604652628 28635
1604653032 28631
1604655173 28632
1604764105 28819
1604821973 28890
1604822383 28889
1604839040 28889
1604849322 29014
1604850452 29014
1604855168 29072
1604922471 29133
1604922731 29134
1604925268 29133
1604926799 29210
1604927308 29210
1604930078 29210
1604985851 29214
1604985866 29215
1604986349 29219
1605029938 29222
1605165407 29225
1605168261 29229
1605176597 29231
1605192891 29231
1605420703 29409
1605421106 29414
1605421171 29414
1605440451 29417
1605488185 29546
1605496837 29546
1605513700 29558
1605539163 29559
1605541715 29559
1605542397 29559
1605582562 29564
1605583056 29566
1605583263 29566
1605596170 29567
1605601696 29570
1605603407 29570
1605603941 29572
1605604321 29573
1605604809 29573
1605606240 29573
1605606751 29573
1605607157 29581
1605607613 29581
1605607805 29581
1605607813 29581
1605608387 29580
1605608537 29573
1605608801 29582
1605608937 29581
1605609518 29581
1605610036 29581
1605612595 29583
1605612707 29761
1605613496 29761
1605625324 29758
1605625607 29757
1605626217 29757
1605628014 29806
1605628116 29808
1605628551 29808
1605628701 29810
1605630515 29810
1605631750 29810
1605632817 29810
1605698068 29812
1605718808 29812
1605956141 29812
1605968487 30029
1605975136 30029
1605975263 30028
1605975750 30028
1605979361 30182
1606052137 30183
1606058478 30184
1606059843 30186
1606063683 30188
1606100678 30188
1606119894 30198
1606131139 30199
1606131596 30224
1606146926 30224
1606146977 30225
1606147150 30226
1606207661 30225
1606208340 30225
1606208375 30225
1606208647 30227
1606210157 30290
1606213824 30294
1606302997 30294
1606323788 30294
1606323840 30301
1606330031 30301
1606331249 30302
1606365118 30303
1606365899 30303
1606372902 30307
1606386833 30309
1606397308 30309
1606403300 30317
1606404844 30338
