1581652628 0 2 0 0 0 0
1581653341 0 2 0 3740 0 0
1581654462 0 2 0 6576 0 0
1581655388 0 2 0 6615 0 0
1581657897 0 17 0 6615 0 0
1581658009 0 17 0 6615 0 0
1581658382 0 17 0 6734 0 0
1581658449 0 17 0 6734 0 0
1581660111 0 17 0 6911 0 0
1581660364 0 17 0 7022 0 0
1581662756 0 17 0 7025 0 0
1581662805 0 17 0 7032 0 0
1581664109 0 17 24 7032 0 0
1581664309 0 17 32 7032 0 0
1581666602 0 17 39 7032 0 0
1581667076 0 17 39 7032 0 0
1581677128 0 17 97 7032 0 0
1581677724 0 17 99 7032 0 0
1581677982 0 17 100 7032 0 0
1581680959 0 17 104 7032 0 0
1581703310 0 17 106 7032 0 0
1581707423 0 17 106 7032 0 3
1581750764 0 17 106 7032 0 4
1581777557 0 25 106 7032 0 4
1581777853 0 27 106 7032 0 4
1581784462 0 28 106 7032 0 4
1581836552 0 28 114 7032 0 4
1581838164 0 28 114 7032 0 4
1581838205 0 28 114 7032 0 4
1581848344 0 38 114 7032 0 4
1581849944 0 40 114 7032 0 4
1581854202 0 116 114 7032 0 4
1581862441 0 128 114 7032 0 4
1581862517 0 128 114 7032 0 4
1581864883 0 134 114 7032 0 4
1581865188 0 134 114 7032 0 4
1581866538 0 223 114 7032 0 4
1581866880 0 229 114 7032 0 4
1581870362 0 277 114 7032 0 4
1581870437 0 280 114 7032 0 4
1581870523 0 335 114 7032 0 4
1581870733 0 336 114 7032 0 4
1581870767 0 337 114 7032 0 4
1581871248 0 338 114 7032 0 4
1581871372 0 339 114 7032 0 4
1581872426 0 344 114 7032 0 4
1581872465 0 349 114 7032 0 4
1581873940 0 360 114 7032 0 4
1581874203 0 362 114 7032 0 4
1581874281 0 364 114 7032 0 4
1581880572 0 375 114 7032 0 4
1581953231 0 377 114 7032 0 4
1581953302 0 379 114 7032 0 4
1581953506 0 381 114 7032 0 4
1581953541 0 383 114 7032 0 4
1581963867 0 394 114 7032 0 4
1582106511 0 395 114 7032 0 4
1582163268 1 395 114 7032 0 4
1582339983 5 395 114 7032 0 4
1582356002 184 395 114 7032 0 4
1582360462 186 395 114 7032 0 4
1582360623 191 395 114 7032 0 4
1582364165 197 395 114 7032 0 4
1582433842 197 395 114 7032 0 4
1582519106 286 395 114 7032 0 4
1582520191 294 395 114 7032 0 4
1582532465 295 395 114 7032 0 4
1582533707 295 399 114 7032 0 4
1582536051 295 406 114 7032 0 4
1582536401 295 416 114 7032 0 4
1582539717 297 416 114 7032 0 4
1582541022 309 416 114 7032 0 4
1582541091 309 416 114 7032 0 4
1582541375 310 416 114 7032 0 4
1582614379 351 416 114 7032 0 4
1582622717 351 431 114 7032 0 4
1582642676 352 431 114 7032 0 4
1582642845 352 431 114 7032 0 4
1582643098 352 442 114 7032 0 4
1582643285 353 442 114 7032 0 4
1582643357 353 442 114 7032 0 4
1582650592 354 442 114 7032 0 4
1582652671 354 453 114 7032 0 4
1582693268 378 453 114 7032 0 4
1582693362 378 453 114 7032 0 4
1582696274 379 453 114 7032 0 4
1582707514 384 453 114 7032 0 4
1582708426 408 453 114 7032 0 4
1582769491 409 453 114 7032 0 4
1582770673 413 453 114 7032 0 4
1582771986 417 453 114 7032 0 4
1582772882 479 453 114 7032 0 4
1582773707 482 453 114 7032 0 4
1582774364 505 453 114 7032 0 4
1582776961 528 453 114 7032 0 4
1582780987 532 453 114 7032 0 4
1582799834 532 468 114 7032 0 4
1582802207 532 487 114 7032 0 4
1582848204 535 487 114 7032 0 4
1582863288 546 487 114 7032 0 4
1582864308 546 489 114 7032 0 4
1582875143 559 489 114 7032 0 4
1582875244 559 489 114 7032 0 4
1582880365 561 489 114 7032 0 4
1582881695 561 489 114 7032 0 4
1582882575 561 558 114 7032 0 4
1582882902 561 561 114 7032 0 4
1582901776 565 561 114 7032 0 4
1582901785 565 561 114 7032 0 4
1582940271 567 561 114 7032 0 4
1583028356 576 561 114 7032 0 4
1583037696 616 561 114 7032 0 4
1583073389 616 567 114 7032 0 4
1583073454 616 570 114 7032 0 4
1583074653 657 570 114 7032 0 4
1583074668 657 570 114 7032 0 4
1583080203 657 570 114 7032 0 4
1583105123 657 589 114 7032 0 4
1583154089 700 589 114 7032 0 4
1583154410 700 589 114 7032 0 4
1583157842 707 589 114 7032 0 4
1583244200 1092 589 114 7032 0 4
1583244327 1092 589 114 7032 0 4
1583244565 1092 589 114 7032 0 4
1583246398 1139 589 114 7032 0 4
1583290784 1139 589 114 7032 0 4
1583291990 1139 589 114 7032 0 4
1583293833 1139 592 114 7032 0 4
1583300712 1140 592 114 7032 0 4
1583334595 1140 604 114 7032 0 4
1583339575 1140 604 122 7032 0 4
1583385536 1268 604 122 7032 0 4
1583385902 1269 604 122 7032 0 4
1583385968 1269 604 122 7032 0 4
1583386604 1283 604 122 7032 0 4
1583401250 1325 604 122 7032 0 4
1583403019 1325 604 122 7032 0 4
1583405847 1389 604 122 7032 0 4
1583407150 1394 604 122 7032 0 4
1583421047 1394 604 122 7032 0 4
1583422653 1394 615 122 7032 0 4
1583463104 1394 631 122 7032 0 4
1583465166 1408 631 122 7032 0 4
1583465194 1408 631 122 7032 0 4
1583465305 1408 631 122 7032 0 4
1583465953 1408 632 122 7032 0 4
1583481384 1408 632 122 7032 0 4
1583481411 1408 632 122 7032 0 4
1583485359 1408 632 122 7032 0 4
1583509385 1411 632 122 7032 0 4
1583509744 1413 632 122 7032 0 4
1583510400 1415 632 122 7032 0 4
1583546560 1520 632 122 7032 0 4
1583633737 1595 632 122 7032 0 4
1583634334 1609 632 122 7032 0 4
1583635083 1611 632 122 7032 0 4
1583636946 1714 632 122 7032 0 4
1583637293 1740 632 122 7032 0 4
1583640370 1883 632 122 7032 0 4
1583640458 1883 632 122 7032 0 4
1583642926 1894 632 122 7032 0 4
1583645087 1914 632 122 7032 0 4
1583714307 1929 632 122 7032 0 4
1583731225 1929 647 122 7032 0 4
1583753160 1933 647 122 7032 0 4
1583753201 1933 647 122 7032 0 4
1583753994 1980 647 122 7032 0 4
1583839616 1998 647 122 7032 0 4
1583840165 1998 647 122 7032 0 4
1583917866 1998 647 123 7032 0 4
1583919163 1998 661 123 7032 0 4
1583921021 2047 661 123 7032 0 4
1583921044 2047 661 123 7032 0 4
1583926172 2049 661 123 7032 0 4
1583927382 2128 661 123 7032 0 4
1583945064 2128 661 125 7032 0 4
1583978128 2132 661 125 7032 0 4
1583978160 2132 661 125 7032 0 4
1583989451 2174 661 125 7032 0 4
1583998318 2174 661 125 7032 0 4
1584005636 2177 661 125 7032 0 4
1584010285 2177 661 125 7032 0 4
1584018375 2231 661 125 7032 0 4
1584020164 2253 661 125 7032 0 4
1584057503 2253 661 125 7032 0 4
1584064142 2253 679 125 7032 0 4
1584077006 2254 679 125 7032 0 4
1584077043 2254 679 125 7032 0 4
1584080383 2255 679 125 7032 0 4
1584088139 2256 679 125 7032 0 4
1584090151 2285 679 125 7032 0 4
1584090547 2285 680 125 7032 0 4
1584103349 2340 680 125 7032 0 4
1584103411 2340 680 125 7032 0 4
1584149359 2344 680 125 7032 0 4
1584149752 2344 680 125 7032 0 4
1584152323 2374 680 125 7032 0 4
1584153068 2390 680 125 7032 0 4
1584153267 2390 680 125 7032 0 4
1584171621 2390 682 125 7032 0 4
1584185611 2401 682 125 7032 0 4
1584185679 2401 682 125 7032 0 4
1584196245 2401 698 125 7032 0 4
1584199107 2401 700 125 7032 0 4
1584252841 2401 702 125 7032 0 4
1584252931 2401 704 125 7032 0 4
1584252996 2401 706 125 7032 0 4
1584253061 2401 708 125 7032 0 4
1584253129 2401 710 125 7032 0 4
1584266279 2494 710 125 7032 0 4
1584266557 2494 710 125 7032 0 4
1584283838 2494 712 125 7032 0 4
1584283869 2494 714 125 7032 0 4
1584283909 2494 716 125 7032 0 4
1584283943 2494 718 125 7032 0 4
1584287101 2494 720 125 7032 0 4
1584323264 2496 720 125 7032 0 4
1584323275 2496 733 125 7032 0 4
1584323299 2496 733 125 7032 0 4
1584323306 2496 734 125 7032 0 4
1584323337 2496 734 125 7032 0 4
1584333293 2504 734 125 7032 0 4
1584345271 2504 736 125 7032 0 4
1584345341 2504 738 125 7032 0 4
1584345371 2504 740 125 7032 0 4
1584345409 2504 742 125 7032 0 4
1584345449 2504 744 125 7032 0 4
1584356622 2547 744 125 7032 0 4
1584356674 2547 744 125 7032 0 4
1584357428 2550 744 125 7032 0 4
1584371387 2550 745 125 7032 0 4
1584375591 2550 746 125 7032 0 4
1584376335 2550 746 129 7032 0 4
1584378641 2550 746 136 7032 0 4
1584382238 2550 762 136 7032 0 4
1584427140 2551 762 136 7032 0 4
1584435976 2553 762 136 7032 0 4
1584442496 2586 762 136 7032 0 4
1584447094 2609 762 136 7032 0 4
1584447129 2610 762 136 7032 0 4
1584497241 2618 762 136 7032 0 4
1584497506 2619 762 136 7032 0 4
1584514805 2655 762 136 7032 0 4
1584515745 2655 779 136 7032 0 4
1584515822 2655 780 136 7032 0 4
1584518190 2655 822 136 7032 0 4
1584518240 2655 824 136 7032 0 4
1584531663 2656 824 136 7032 0 4
1584531716 2656 824 136 7032 0 4
1584539941 2661 824 136 7032 0 4
1584540440 2666 824 136 7032 0 4
1584541044 2666 828 136 7032 0 4
1584541223 2666 830 136 7032 0 4
1584545152 2666 830 139 7032 0 4
1584545815 2666 834 139 7032 0 4
1584546062 2666 837 139 7032 0 4
1584546159 2666 839 139 7032 0 4
1584608872 2702 839 139 7032 0 4
1584609781 2739 839 139 7032 0 4
1584610093 2758 839 139 7032 0 4
1584610246 2760 839 139 7032 0 4
1584636898 2760 857 139 7032 0 4
1584668203 2763 857 139 7032 0 4
1584668313 2763 857 139 7032 0 4
1584669185 2766 857 139 7032 0 4
1584670122 2768 857 139 7032 0 4
1584672834 2768 858 139 7032 0 4
1584672885 2768 859 139 7032 0 4
1584676685 2768 872 139 7032 0 4
1584676802 2768 873 139 7032 0 4
1584684899 2768 874 139 7032 0 4
1584684981 2768 875 139 7032 0 4
1584685764 2768 877 139 7032 0 4
1584686398 2768 878 139 7032 0 4
1584686426 2768 879 139 7032 0 4
1584686465 2768 880 139 7032 0 4
1584686501 2768 881 139 7032 0 4
1584696833 2768 881 142 7032 0 4
1584698340 2768 883 142 7032 0 4
1584698827 2768 885 142 7032 0 4
1584699186 2768 886 142 7032 0 4
1584699513 2768 887 142 7032 0 4
1584700023 2768 888 142 7032 0 4
1584718060 2768 901 142 7032 0 4
1584720418 2768 903 142 7032 0 4
1584721533 2768 904 142 7032 0 4
1584755052 2771 904 142 7032 0 4
1584755244 2771 904 142 7032 0 4
1584790919 2771 906 142 7032 0 4
1584804839 2771 906 142 7032 0 4
1584852747 2771 919 142 7032 0 4
1584854665 2771 936 142 7032 0 4
1584854911 2771 947 142 7032 0 4
1584855170 2771 947 142 7032 0 4
1584855233 2771 947 142 7032 0 4
1584884811 2771 947 142 7032 0 4
1584884965 2771 947 142 7032 0 4
1584935286 2771 948 142 7032 0 4
1584954066 2771 973 142 7032 0 4
1584954268 2771 973 142 7032 0 4
1584954296 2771 973 142 7032 0 4
1584954380 2771 977 142 7032 0 4
1584972367 2771 979 142 7032 0 4
1584972841 2771 997 142 7032 0 4
1585013528 2771 1000 142 7032 0 4
1585027237 2771 1035 142 7032 0 4
1585058994 2779 1035 142 7032 0 4
1585062170 2779 1037 142 7032 0 4
1585062642 2779 1041 142 7032 0 4
1585063161 2779 1046 142 7032 0 4
1585063547 2779 1048 142 7032 0 4
1585065184 2779 1049 142 7032 0 4
1585065565 2779 1053 142 7032 0 4
1585065691 2779 1055 142 7032 0 4
1585066347 2779 1056 142 7032 0 4
1585066410 2779 1057 142 7032 0 4
1585067283 2779 1057 143 7032 0 4
1585095995 2781 1057 143 7032 0 4
1585096062 2781 1057 143 7032 0 4
1585114451 2781 1076 143 7032 0 4
1585115361 2781 1095 143 7032 0 4
1585122395 2781 1095 159 7032 0 4
1585122607 2781 1096 159 7032 0 4
1585131541 2781 1100 159 7032 0 4
1585132519 2781 1135 159 7032 0 4
1585143395 2781 1139 159 7032 0 4
1585144081 2781 1143 159 7032 0 4
1585146548 2781 1143 159 7032 0 4
1585147258 2781 1154 159 7032 0 4
1585147359 2781 1157 159 7032 0 4
1585150028 2781 1183 159 7032 0 4
1585182654 2792 1183 159 7032 0 4
1585182699 2792 1183 159 7032 0 4
1585197804 2796 1183 159 7032 0 4
1585207400 2796 1186 159 7032 0 4
1585211105 2796 1203 159 7032 0 4
1585219337 2796 1205 159 7032 0 4
1585250342 2796 1213 159 7032 0 4
1585250465 2796 1215 159 7032 0 4
1585250812 2796 1216 159 7032 0 4
1585272526 2828 1216 159 7032 0 4
1585272573 2828 1216 159 7032 0 4
1585286126 2828 1263 159 7032 0 4
1585303189 2828 1263 164 7032 0 4
1585372849 2832 1263 164 7032 0 4
1585372875 2832 1263 164 7032 0 4
1585529196 2833 1263 164 7032 0 4
1585540456 2833 1264 164 7032 0 4
1585540654 2833 1265 164 7032 0 4
1585542682 2833 1285 164 7032 0 4
1585542829 2833 1286 164 7032 0 4
1585701092 2835 1286 164 7032 0 4
1585704560 2837 1286 164 7032 0 4
1585712191 2837 1286 164 7032 0 4
1585719042 2837 1302 164 7032 0 4
1585719156 2837 1304 164 7032 0 4
1585729814 2846 1304 164 7032 0 4
1585729857 2846 1304 164 7032 0 4
1585731960 2846 1306 164 7032 0 4
1585732624 2848 1306 164 7032 0 4
1585732662 2848 1306 164 7032 0 4
1585733866 2854 1306 164 7032 0 4
1585736790 2854 1310 164 7032 0 4
1585736847 2854 1312 164 7032 0 4
1585738852 2854 1314 164 7032 0 4
1585739905 2858 1314 164 7032 0 4
1585739931 2858 1314 164 7032 0 4
1585747231 2858 1318 164 7032 0 4
1585747461 2858 1331 164 7032 0 4
1585747996 2858 1335 164 7032 0 4
1585753579 2858 1417 164 7032 0 4
1585758090 2858 1417 164 7032 0 4
1585806483 2858 1443 164 7032 0 4
1585806915 2858 1464 164 7032 0 4
1585807049 2858 1467 164 7032 0 4
1585807757 2858 1489 164 7032 0 4
1585814220 2858 1491 164 7032 0 4
1587643236 2858 1497 164 7032 0 4
1587644823 2858 1501 164 7032 0 4
1587751286 2858 1506 164 7032 0 4
1587751405 2858 1507 164 7032 0 4
1587751630 2858 1508 164 7032 0 4
1587799334 2868 1508 164 7032 0 4
1587875558 2868 1509 164 7032 0 4
1587877564 2868 1510 164 7032 0 4
1587894518 2868 1510 164 7032 0 693
1587962664 2868 1521 164 7032 0 693
1587962719 2868 1522 164 7032 0 693
1587965002 2896 1522 164 7032 0 693
1587967193 2947 1522 164 7032 0 693
1587969592 2960 1522 164 7032 0 693
1587998778 2960 1522 164 7032 3 693
1588048168 2960 1522 164 7032 3 693
1588048178 2960 1522 164 7032 3 693
1588051958 2960 1523 164 7032 3 693
1588052006 2960 1524 164 7032 3 693
1588079019 2967 1524 164 7032 3 693
1588079090 2967 1524 164 7032 3 693
1588079324 2996 1524 164 7032 3 693
1588093897 3001 1524 164 7032 3 693
1588132324 3001 1527 164 7032 3 693
1588132732 3001 1572 164 7032 3 693
1588163336 3020 1572 164 7032 3 693
1588163392 3020 1572 164 7032 3 693
1588167011 3047 1572 164 7032 3 693
1588172478 3047 1581 164 7032 3 693
1588173322 3047 1596 164 7032 3 693
1588173987 3047 1619 164 7032 3 693
1588390427 3053 1619 164 7032 3 693
1588390463 3053 1619 164 7032 3 693
1588393646 3080 1619 164 7032 3 693
1588416757 3081 1619 164 7032 3 693
1588420733 3086 1619 164 7032 3 693
1588493517 3086 1619 167 7032 3 693
1588567544 3089 1619 167 7032 3 693
1588604323 3089 1631 167 7032 3 693
1588610373 3089 1646 167 7032 3 693
1588640535 3089 1650 167 7032 3 693
1588666291 3111 1650 167 7032 3 693
1588666332 3111 1650 167 7032 3 693
1588667814 3111 1658 167 7032 3 693
1588668187 3125 1658 167 7032 3 693
1588668216 3125 1658 167 7032 3 693
1588737132 3126 1658 167 7032 3 693
1588737879 3126 1670 167 7032 3 693
1588738989 3127 1670 167 7032 3 693
1588739029 3127 1670 167 7032 3 693
1588741459 3146 1670 167 7032 3 693
1588743947 3156 1670 167 7032 3 693
1588745697 3156 1695 167 7032 3 693
1588784196 3156 1734 167 7032 3 693
1588784567 3156 1743 167 7032 3 693
1588786960 3156 1799 167 7032 3 693
1588866220 3208 1799 167 7032 3 693
1588866280 3208 1799 167 7032 3 693
1588939600 3315 1799 167 7032 3 693
1589008151 3315 1809 167 7032 3 693
1589010080 3315 1810 167 7032 3 693
1589011037 3551 1810 167 7032 3 693
1589011127 3551 1810 167 7032 3 693
1589011242 3555 1810 167 7032 3 693
1589014743 3569 1810 167 7032 3 693
1589014938 3571 1810 167 7032 3 693
1589020606 3578 1810 167 7032 3 693
1589102590 3743 1810 167 7032 3 693
1589113816 3829 1810 167 7032 3 693
1589242027 3834 1810 167 7032 3 693
1589270248 3845 1810 167 7032 3 693
1589289797 3847 1810 167 7032 3 693
1589328087 3859 1810 167 7032 3 693
1589367436 3859 1898 167 7032 3 693
1589373077 3890 1898 167 7032 3 693
1589373160 3890 1898 167 7032 3 693
1589381621 3890 1898 180 7032 3 693
1589381787 3890 1898 180 7032 3 693
1589382184 3890 1902 180 7032 3 693
1589383596 3890 1916 180 7032 3 693
1589383808 3890 1920 180 7032 3 693
1589386337 3890 1971 180 7032 3 693
1589387212 3890 2010 180 7032 3 693
1589389160 3890 2010 180 7032 3 693
1589393326 3890 2010 184 7032 3 693
1589393875 3890 2010 188 7032 3 693
1589394482 3890 2010 191 7032 3 693
1589697384 4020 2010 191 7032 3 693
1589697431 4020 2010 191 7032 3 693
1589712172 4020 2010 191 7032 3 693
1589712179 4020 2010 191 7032 3 693
1589722218 4034 2010 191 7032 3 693
1589722356 4034 2010 191 7032 3 693
1589762685 4044 2010 191 7032 3 693
1589788764 4076 2010 191 7032 3 693
1589799788 4081 2010 191 7032 3 693
1589811205 4082 2010 191 7032 3 693
1589827285 4082 2010 351 7032 3 693
1589827647 4082 2010 364 7032 3 693
1589859042 4083 2010 364 7032 3 693
1589859080 4083 2010 364 7032 3 693
1589869327 4104 2010 364 7032 3 693
1589869553 4110 2010 364 7032 3 693
1589878967 4121 2010 364 7032 3 693
1589879099 4123 2010 364 7032 3 693
1589880891 4135 2010 364 7032 3 693
1589881709 4137 2010 364 7032 3 693
1589882172 4137 2010 364 7032 3 693
1589891644 4161 2010 364 7032 3 693
1589896690 4161 2010 367 7032 3 693
1589897141 4161 2010 371 7032 3 693
1589897396 4161 2010 375 7032 3 693
1589897623 4161 2010 377 7032 3 693
1589898434 4161 2010 379 7032 3 693
1589899667 4161 2010 381 7032 3 693
1589910335 4161 2010 383 7032 3 693
1589911672 4161 2010 384 7032 3 693
1589912115 4161 2010 386 7032 3 693
1589912509 4161 2010 387 7032 3 693
1589943527 4165 2010 387 7032 3 693
1589943589 4165 2010 387 7032 3 693
1589948415 4171 2010 387 7032 3 693
1589951728 4171 2010 401 7032 3 693
1589952927 4171 2010 411 7032 3 693
1589953673 4171 2095 411 7032 3 693
1589954210 4171 2131 411 7032 3 693
1589973927 4183 2131 411 7032 3 693
1589974022 4183 2131 411 7032 3 693
1589974137 4187 2131 411 7032 3 693
1589975171 4266 2131 411 7032 3 693
1589978212 4286 2131 411 7032 3 693
1589978950 4299 2131 411 7032 3 693
1589983208 4346 2131 411 7032 3 693
1589983559 4349 2131 411 7032 3 693
1589983622 4352 2131 411 7032 3 693
1589984351 4391 2131 411 7032 3 693
1589985013 4393 2131 411 7032 3 693
1589987239 4402 2131 411 7032 3 693
1589991477 4417 2131 411 7032 3 693
1589991707 4423 2131 411 7032 3 693
1590046794 4436 2131 411 7032 3 693
1590060252 4437 2131 411 7032 3 693
1590114567 4437 2139 411 7032 3 693
1590114652 4437 2144 411 7032 3 693
1590317631 4447 2144 411 7032 3 693
1590317698 4447 2144 411 7032 3 693
1590365525 4575 2144 411 7032 3 693
1590369927 4575 2148 411 7032 3 693
1590370011 4575 2152 411 7032 3 693
1590373629 4597 2152 411 7032 3 693
1590373694 4597 2152 411 7032 3 693
1590402513 4597 2259 411 7032 3 693
1590403125 4597 2305 411 7032 3 693
1590403325 4597 2305 411 7032 3 693
1590416656 4597 2329 411 7032 3 693
1590416737 4597 2337 411 7032 3 693
1590417845 4597 2337 411 7032 3 693
1590417901 4597 2337 411 7032 3 693
1590418162 4597 2337 411 7032 3 693
1590418261 4597 2338 411 7032 3 693
1590418326 4597 2351 411 7032 3 693
1590419651 4597 2377 411 7032 3 693
1590420543 4597 2385 411 7032 3 693
1590421843 4597 2386 411 7032 3 693
1590454896 4597 2388 411 7032 3 693
1590455464 4597 2392 411 7032 3 693
1590458989 4597 2393 411 7032 3 693
1590460291 4597 2394 411 7032 3 693
1590466193 4597 2394 554 7032 3 693
1590469556 4598 2394 554 7032 3 693
1590469609 4598 2394 554 7032 3 693
1590480778 4604 2394 554 7032 3 693
1590481236 4616 2394 554 7032 3 693
1590496148 4743 2394 554 7032 3 693
1590497659 4745 2394 554 7032 3 693
1590588326 5038 2394 554 7032 3 693
1590644186 5305 2394 554 7032 3 693
1590644725 5697 2394 554 7032 3 693
1590645908 5767 2394 554 7032 3 693
1590667838 5876 2394 554 7032 3 693
1590761529 6100 2394 554 7032 3 693
1590824903 6105 2394 554 7032 3 693
1590914085 6105 2521 554 7032 3 693
1590988682 6105 2521 560 7032 3 693
1591007632 6105 2521 561 7032 3 693
1591184211 6105 2523 561 7032 3 693
1591187614 6110 2523 561 7032 3 693
1591187660 6110 2523 561 7032 3 693
1591188457 6110 2523 561 7032 15 693
1591270051 6114 2523 561 7032 15 693
1591270299 6114 2523 561 7032 15 693
1591363532 6181 2523 561 7032 15 693
1591516835 6306 2523 561 7032 15 693
1591527531 6442 2523 561 7032 15 693
1591528908 6446 2523 561 7032 15 693
1591530687 6589 2523 561 7032 15 693
1591532435 6617 2523 561 7032 15 693
1591540108 6724 2523 561 7032 15 693
1591594373 6735 2523 561 7032 15 693
1591595943 6735 2547 561 7032 15 693
1591595995 6735 2573 561 7032 15 693
1591596018 6735 2573 561 7032 15 693
1591599131 6735 2573 1085 7032 15 693
1591606462 6735 2573 1090 7032 15 693
1591669042 6736 2573 1090 7032 15 693
1591669104 6736 2573 1090 7032 15 693
1591670353 6737 2573 1090 7032 15 693
1591675301 6741 2573 1090 7032 15 693
1591687544 6795 2573 1090 7032 15 693
1591707815 6802 2573 1090 7032 15 693
1591839927 6811 2573 1090 7032 15 693
1591853204 6813 2573 1090 7032 15 693
1591864692 6816 2573 1090 7032 15 693
1591927371 6875 2573 1090 7032 15 693
1591942038 6923 2573 1090 7032 15 693
1591962761 7320 2573 1090 7032 15 693
1592028488 7337 2573 1090 7032 15 693
1592032177 7337 2573 1112 7032 15 693
1592040805 7338 2573 1112 7032 15 693
1592040847 7338 2573 1112 7032 15 693
1592043270 7341 2573 1112 7032 15 693
1592050580 7352 2573 1112 7032 15 693
1592056157 7352 2573 1114 7032 15 693
1592110222 7369 2573 1114 7032 15 693
1592110265 7369 2573 1114 7032 15 693
1592111321 7371 2573 1114 7032 15 693
1592142020 7371 2573 1126 7032 15 693
1592196325 7371 2627 1126 7032 15 693
1592196378 7371 2649 1126 7032 15 693
1592227084 7371 2677 1126 7032 15 693
1592228353 7371 2678 1126 7032 15 693
1592240591 7371 2678 1128 7032 15 693
1592275322 7477 2678 1128 7032 15 693
1592275354 7477 2678 1128 7032 15 693
1592284061 7479 2678 1128 7032 15 693
1592292884 7486 2678 1128 7032 15 693
1592293711 7490 2678 1128 7032 15 693
1592299224 7491 2678 1128 7032 15 693
1592300737 7492 2678 1128 7032 15 693
1592308816 7496 2678 1128 7032 15 693
1592309978 7498 2678 1128 7032 15 693
1592311127 7500 2678 1128 7032 15 693
1592312053 7501 2678 1128 7032 15 693
1592322660 7501 2706 1128 7032 15 693
1592323176 7501 2781 1128 7032 15 693
1592323307 7501 2879 1128 7032 15 693
1592323546 7501 2879 1128 7032 15 693
1592324325 7501 2918 1128 7032 15 693
1592386184 7501 2919 1128 7032 15 693
1592390013 7521 2919 1128 7032 15 693
1592390099 7521 2919 1128 7032 15 693
1592413391 7521 2919 1209 7032 15 693
1592419856 7521 2919 1218 7032 15 693
1592451924 7521 2919 1269 7032 15 693
1592459302 7521 2936 1269 7032 15 693
1592459377 7521 2941 1269 7032 15 693
1592459437 7521 2943 1269 7032 15 693
1592459494 7521 2945 1269 7032 15 693
1592459538 7521 2947 1269 7032 15 693
1592459629 7521 2949 1269 7032 15 693
1592459948 7852 2949 1269 7032 15 693
1592459991 7852 2949 1269 7032 15 693
1592476788 7852 2949 1276 7032 15 693
1592491163 7852 2949 1278 7032 15 693
1592501116 7852 2951 1278 7032 15 693
1592501328 7852 2952 1278 7032 15 693
1592504917 7852 2953 1278 7032 15 693
1592506228 7852 2954 1278 7032 15 693
1592506316 7852 2955 1278 7032 15 693
1592507194 7852 2957 1278 7032 15 693
1592544222 7860 2957 1278 7032 15 693
1592544247 7860 2957 1278 7032 15 693
1592544462 7861 2957 1278 7032 15 693
1592550415 7861 2957 1279 7032 15 693
1592551025 8127 2957 1279 7032 15 693
1592551116 8127 2957 1279 7032 15 693
1592573949 8132 2957 1279 7032 15 693
1592650233 8380 2957 1279 7032 15 693
1592650520 8380 2957 1279 7032 15 693
1592650858 8381 2957 1279 7032 15 693
1592662620 8381 3074 1279 7032 15 693
1592673204 8382 3074 1279 7032 15 693
1592673476 8382 3074 1279 7032 15 693
1592723828 8382 3074 1279 7032 15 693
1592732576 8517 3074 1279 7032 15 693
1592734821 8517 3074 1279 7032 17 693
1592736373 8740 3074 1279 7032 17 693
1592736413 8740 3074 1279 7032 17 693
1592736995 8744 3074 1279 7032 17 693
1592740079 8744 3074 1279 7032 17 693
1592740376 8801 3074 1279 7032 17 693
1592741616 8803 3074 1279 7032 17 693
1592741992 8814 3074 1279 7032 17 693
1592747670 8817 3074 1279 7032 17 693
1592748947 8817 3091 1279 7032 17 693
1592749039 8817 3106 1279 7032 17 693
1592761797 8817 3108 1279 7032 17 693
1592767377 8817 3162 1279 7032 17 693
1592768187 8817 3220 1279 7032 17 693
1592768415 8817 3230 1279 7032 17 693
1592784993 8817 3230 1605 7032 17 693
1592798597 8817 3232 1605 7032 17 693
1592841359 8817 3238 1605 7032 17 693
1592842779 8817 3244 1605 7032 17 693
1592842931 8817 3250 1605 7032 17 693
1592843759 8817 3251 1605 7032 17 693
1592848178 8817 3251 1690 7032 17 693
1592904006 8818 3251 1690 7032 17 693
1592904043 8818 3251 1690 7032 17 693
1592914130 8870 3251 1690 7032 17 693
1592916537 8872 3251 1690 7032 17 693
1592966093 8872 3260 1690 7032 17 693
1592966183 8872 3265 1690 7032 17 693
1592966881 8872 3267 1690 7032 17 693
1592966917 8872 3268 1690 7032 17 693
1592969445 8992 3268 1690 7032 17 693
1592971582 8992 3318 1690 7032 17 693
1593008505 8992 3318 1692 7032 17 693
1593011683 8992 3318 1692 7032 17 693
1593011771 8992 3318 1692 7032 17 693
1593104529 8992 3318 1693 7032 17 693
1593104551 8992 3318 2175 7032 17 693
1593158713 8992 3318 2193 7032 17 693
1593171462 8992 3318 2274 7032 17 693
1593251394 8994 3318 2274 7032 17 693
1593251423 8994 3318 2274 7032 17 693
1593262472 9010 3318 2274 7032 17 693
1593262641 9019 3318 2274 7032 17 693
1593262815 9177 3318 2274 7032 17 693
1593263125 9177 3318 2274 7032 17 693
1593263165 9202 3318 2274 7032 17 693
1593263572 9439 3318 2274 7032 17 693
1593439092 9962 3318 2274 7032 17 693
1593590428 9991 3318 2274 7032 17 693
1593591134 10030 3318 2274 7032 17 693
1593670036 10030 3325 2274 7032 17 693
1593670106 10030 3326 2274 7032 17 693
1593670379 10030 3337 2274 7032 17 693
1593789926 10162 3337 2274 7032 17 693
1593791367 10282 3337 2274 7032 17 693
1593972144 10282 3366 2274 7032 17 693
1593972261 10282 3417 2274 7032 17 693
1593972309 10282 3546 2274 7032 17 693
1593972367 10282 3577 2274 7032 17 693
1593972431 10282 3602 2274 7032 17 693
1593972710 10282 3624 2274 7032 17 693
1593972781 10282 3627 2274 7032 17 693
1593972816 10282 3627 2274 7032 17 693
1593972902 10282 3631 2274 7032 17 693
1594045565 10369 3631 2274 7032 17 693
1594045658 10369 3631 2274 7032 17 693
1594046694 10486 3631 2274 7032 17 693
1594464498 10486 3637 2274 7032 17 693
1594464622 10486 3670 2274 7032 17 693
1594464700 10486 3670 2274 7032 17 693
1594464765 10486 3674 2274 7032 17 693
1594470558 10486 3676 2274 7032 17 693
1594707941 10574 3676 2274 7032 17 693
1594708237 10580 3676 2274 7032 17 693
1594734619 10584 3676 2274 7032 17 693
1594780990 10606 3676 2274 7032 17 693
1594781696 10644 3676 2274 7032 17 693
1594783715 10663 3676 2274 7032 17 693
1594893402 10663 3676 2429 7032 17 693
1594894323 10663 3676 2430 7032 17 693
1594894617 10663 3676 2432 7032 17 693
1594895344 10663 3676 2433 7032 17 693
1594917087 10663 3676 2709 7032 17 693
1594963280 10664 3676 2709 7032 17 693
1594963315 10664 3676 2709 7032 17 693
1595000635 10872 3676 2709 7032 17 693
1595117539 11072 3676 2709 7032 17 693
1595146822 11179 3676 2709 7032 17 693
1595162269 11461 3676 2709 7032 17 693
1595169014 11693 3676 2709 7032 17 693
1595172583 11693 3676 2709 7032 21 693
1595225665 11730 3676 2709 7032 21 693
1595225714 11730 3676 2709 7032 21 693
1595247463 11899 3676 2709 7032 21 693
1595399959 11903 3676 2709 7032 21 693
1595408223 11904 3676 2709 7032 21 693
1595418003 11935 3676 2709 7032 21 693
1595469399 11955 3676 2709 7032 21 693
1595470350 12040 3676 2709 7032 21 693
1595471406 12175 3676 2709 7032 21 693
1595488454 12181 3676 2709 7032 21 693
1595496698 12181 3734 2709 7032 21 693
1595502238 12181 3734 2709 7032 21 693
1595502253 12181 3734 2709 7032 21 693
1595502385 12181 3734 2709 7032 21 693
1595506598 12190 3734 2709 7032 21 693
1595506664 12190 3734 2709 7032 21 693
1595516985 12190 3903 2709 7032 21 693
1595606060 12190 3903 2709 7032 22 693
1595607959 12190 3903 2718 7032 22 693
1595667070 12276 3903 2718 7032 22 693
1595667967 12308 3903 2718 7032 22 693
1595668438 12348 3903 2718 7032 22 693
1595669359 12359 3903 2718 7032 22 693
1595669821 12360 3903 2718 7032 22 693
1595719783 12361 3903 2718 7032 22 693
1595751384 12375 3903 2718 7032 22 693
1595755520 12492 3903 2718 7032 22 693
1595773195 12653 3903 2718 7032 22 693
1595814834 12665 3903 2718 7032 22 693
1595818062 12665 4037 2718 7032 22 693
1595898876 12666 4037 2718 7032 22 693
1595898910 12666 4037 2718 7032 22 693
1595900227 12734 4037 2718 7032 22 693
1595913511 12734 4040 2718 7032 22 693
1595914594 12734 4041 2718 7032 22 693
1595915048 12734 4042 2718 7032 22 693
1595915117 12734 4043 2718 7032 22 693
1595934087 12766 4043 2718 7032 22 693
1595934130 12766 4043 2718 7032 22 693
1595951359 12766 4050 2718 7032 22 693
1595951739 12766 4051 2718 7032 22 693
1595951928 12766 4052 2718 7032 22 693
1595989467 12803 4052 2718 7032 22 693
1595989511 12803 4052 2718 7032 22 693
1595990226 12879 4052 2718 7032 22 693
1595991452 12906 4052 2718 7032 22 693
1595992646 12959 4052 2718 7032 22 693
1595993979 12959 4053 2718 7032 22 693
1595994096 12959 4054 2718 7032 22 693
1595994656 12959 4056 2718 7032 22 693
1595994842 12959 4057 2718 7032 22 693
1595995268 12959 4059 2718 7032 22 693
1596000780 12959 4081 2718 7032 22 693
1596002301 12961 4081 2718 7032 22 693
1596002326 12961 4081 2718 7032 22 693
1596005937 12961 4082 2718 7032 22 693
1596006139 12961 4084 2718 7032 22 693
1596006779 12961 4085 2718 7032 22 693
1596011075 12962 4085 2718 7032 22 693
1596011133 12962 4085 2718 7032 22 693
1596021508 12962 4086 2718 7032 22 693
1596021643 12962 4088 2718 7032 22 693
1596022303 12962 4089 2718 7032 22 693
1596024145 12962 4091 2718 7032 22 693
1596028464 12962 4093 2718 7032 22 693
1596029185 12962 4093 2720 7032 22 693
1596091337 12966 4093 2720 7032 22 693
1596092013 12966 4095 2720 7032 22 693
1596092190 12966 4096 2720 7032 22 693
1596095151 12966 4109 2720 7032 22 693
1596095682 12966 4112 2720 7032 22 693
1596177379 13276 4112 2720 7032 22 693
1596195531 13283 4112 2720 7032 22 693
1596254484 13283 4112 2720 7032 22 693
1596256520 13303 4112 2720 7032 22 693
1596261055 13330 4112 2720 7032 22 693
1596266876 13450 4112 2720 7032 22 693
1596349189 13702 4112 2720 7032 22 693
1596360588 13730 4112 2720 7032 22 693
1596387306 13730 4127 2720 7032 22 693
1596418100 13746 4127 2720 7032 22 693
1596420838 13795 4127 2720 7032 22 693
1596423295 13797 4127 2720 7032 22 693
1596467894 13797 4160 2720 7032 22 693
1596468038 13797 4186 2720 7032 22 693
1596505496 14039 4186 2720 7032 22 693
1596505563 14039 4186 2720 7032 22 693
1596533924 14043 4186 2720 7032 22 693
1596534022 14062 4186 2720 7032 22 693
1596550868 14062 4187 2720 7032 22 693
1596557925 14062 4187 2720 7032 22 693
1596557981 14062 4190 2720 7032 22 693
1596558137 14062 4190 2720 7032 22 693
1596558977 14062 4191 2720 7032 22 693
1596561464 14062 4192 2720 7032 22 693
1596562105 14062 4194 2720 7032 22 693
1596566122 14062 4211 2720 7032 22 693
1596608831 14073 4211 2720 7032 22 693
1596609160 14079 4211 2720 7032 22 693
1596610720 14158 4211 2720 7032 22 693
1596613039 14159 4211 2720 7032 22 693
1596625719 14200 4211 2720 7032 22 693
1596626350 14201 4211 2720 7032 22 693
1596626605 14202 4211 2720 7032 22 693
1596674900 14205 4211 2720 7032 22 693
1596675368 14210 4211 2720 7032 22 693
1596700470 14210 4212 2720 7032 22 693
1596700799 14210 4213 2720 7032 22 693
1596701454 14210 4216 2720 7032 22 693
1596701800 14210 4217 2720 7032 22 693
1596702223 14210 4218 2720 7032 22 693
1596703146 14210 4219 2720 7032 22 693
1596704704 14210 4219 2720 7032 30 693
1596711383 14215 4219 2720 7032 30 693
1596711524 14219 4219 2720 7032 30 693
1596711669 14219 4219 2720 7032 30 693
1596711683 14220 4219 2720 7032 30 693
1596711695 14220 4219 2720 7032 30 693
1596712272 14227 4219 2720 7032 30 693
1596720135 14244 4219 2720 7032 30 693
1596724882 14261 4219 2720 7032 30 693
1596736214 14261 4235 2720 7032 30 693
1596851956 14261 4236 2720 7032 30 693
1596853346 14261 4237 2720 7032 30 693
1596853742 14261 4238 2720 7032 30 693
1596854354 14261 4239 2720 7032 30 693
1596854638 14261 4240 2720 7032 30 693
1596855690 14261 4248 2720 7032 30 693
1596872572 14261 4250 2720 7032 30 693
1596890746 14265 4250 2720 7032 30 693
1596890792 14265 4250 2720 7032 30 693
1596976740 14314 4250 2720 7032 30 693
1596977188 14366 4250 2720 7032 30 693
1596977909 14420 4250 2720 7032 30 693
1596982100 14424 4250 2720 7032 30 693
1596982208 14426 4250 2720 7032 30 693
1596984441 14426 4251 2720 7032 30 693
1596984910 14426 4251 2736 7032 30 693
1597017605 14436 4251 2736 7032 30 693
1597027990 14443 4251 2736 7032 30 693
1597028003 14443 4251 2736 7032 30 693
1597028273 14445 4251 2736 7032 30 693
1597030001 14446 4251 2736 7032 30 693
1597031051 14448 4251 2736 7032 30 693
1597043792 14462 4251 2736 7032 30 693
1597054301 14462 4254 2736 7032 30 693
1597055922 14542 4254 2736 7032 30 693
1597055989 14542 4254 2736 7032 30 693
1597080577 14542 4280 2736 7032 30 693
1597080727 14542 4284 2736 7032 30 693
1597081155 14542 4303 2736 7032 30 693
1597103153 14671 4303 2736 7032 30 693
1597121736 14715 4303 2736 7032 30 693
1597123728 14747 4303 2736 7032 30 693
1597148255 14754 4303 2736 7032 30 693
1597148273 14754 4303 2736 7032 30 693
1597149286 14754 4304 2736 7032 30 693
1597152844 14754 4316 2736 7032 30 693
1597166927 14754 4331 2736 7032 30 693
1597201390 14755 4331 2736 7032 30 693
1597213822 14756 4331 2736 7032 30 693
1597215931 14756 4339 2736 7032 30 693
1597215970 14756 4339 2736 7032 30 693
1597217052 14765 4339 2736 7032 30 693
1597217120 14765 4339 2736 7032 30 693
1597222502 14838 4339 2736 7032 30 693
1597223232 14838 4339 2737 7032 30 693
1597223706 14838 4339 2738 7032 30 693
1597225113 14839 4339 2738 7032 30 693
1597225160 14839 4339 2738 7032 30 693
1597228977 14863 4339 2738 7032 30 693
1597229184 14863 4343 2738 7032 30 693
1597229617 14863 4345 2738 7032 30 693
1597237637 14863 4346 2738 7032 30 693
1597238372 14863 4346 2740 7032 30 693
1597239492 14863 4349 2740 7032 30 693
1597239625 14863 4352 2740 7032 30 693
1597239678 14863 4354 2740 7032 30 693
1597240322 14863 4355 2740 7032 30 693
1597240810 14863 4356 2740 7032 30 693
1597245224 14863 4356 2937 7032 30 693
1597245440 14863 4356 2944 7032 30 693
1597246266 14863 4365 2944 7032 30 693
1597248315 14863 4365 2944 7032 35 693
1597250854 14863 4366 2944 7032 35 693
1597256065 14863 4387 2944 7032 35 693
1597256103 14863 4391 2944 7032 35 693
1597256518 14863 4392 2944 7032 35 693
1597257996 14863 4444 2944 7032 35 693
1597289224 14863 4444 2945 7032 35 693
1597292734 14863 4444 2951 7032 35 693
1597306140 14907 4444 2951 7032 35 693
1597386776 14907 4444 2951 7032 35 693
1597387097 14907 4448 2951 7032 35 693
1597387178 14907 4449 2951 7032 35 693
1597387994 14907 4450 2951 7032 35 693
1597404999 14907 4453 2951 7032 35 693
1597472305 14907 4454 2951 7032 35 693
1597473092 14907 4455 2951 7032 35 693
1597476856 14907 4456 2951 7032 35 693
1597477714 14907 4458 2951 7032 35 693
1597478062 14907 4460 2951 7032 35 693
1597478212 14907 4461 2951 7032 35 693
1597503239 14907 4462 2951 7032 35 693
1597503372 14907 4470 2951 7032 35 693
1597507586 14907 4471 2951 7032 35 693
1597578670 14907 4472 2951 7032 35 693
1597587116 14907 4530 2964 7032 35 693
1597594430 14907 4539 2964 7032 35 693
1597594506 14907 4539 2964 7032 35 693
1597599021 14907 4540 2964 7032 35 693
1597602864 14907 4545 2964 7032 35 693
1597661607 15010 4545 2964 7032 35 693
1597669037 15010 4545 2974 7032 35 693
1597672790 15013 4545 2974 7032 35 693
1597672937 15019 4545 2974 7032 35 693
1597672951 15019 4545 2974 7032 35 693
1597751408 15118 4545 2974 7032 35 693
1597764260 15118 4546 2974 7032 35 693
1597764736 15118 4546 2976 7032 35 693
1597765843 15118 4557 2976 7032 35 693
1597766070 15118 4559 2976 7032 35 693
1597766089 15118 4560 2976 7032 35 693
1597847550 15118 4560 2977 7032 35 693
1597847722 15118 4560 2994 7032 35 693
1597900017 15123 4560 2994 7032 35 693
1597900035 15124 4560 2994 7032 35 693
1597900113 15126 4560 2994 7032 35 693
1597974165 15133 4560 2994 7032 35 693
1597974257 15134 4560 2994 7032 35 693
1597991569 15142 4560 2994 7032 35 693
1597991759 15147 4560 2994 7032 35 693
1598064808 15162 4560 2994 7032 35 693
1598065184 15164 4560 2994 7032 35 693
1598258987 15256 4560 2994 7032 35 693
1598267976 15404 4560 2994 7032 35 693
1598269047 15447 4560 2994 7032 35 693
1598273748 15514 4560 2994 7032 35 693
1598273973 15536 4560 2994 7032 35 693
1598281077 15536 4560 3042 7032 35 693
1598281366 15536 4560 3045 7032 35 693
1598282604 15536 4560 3046 7032 35 693
1598317753 15539 4560 3046 7032 35 693
1598317836 15611 4560 3046 7032 35 693
1598321425 15840 4560 3046 7032 35 693
1598341839 15840 4560 3051 7032 35 693
1598365227 15840 4560 3057 7032 35 693
1598445519 15982 4560 3057 7032 35 693
1598610357 15987 4560 3057 7032 35 693
1598610715 15995 4560 3057 7032 35 693
1598675028 15997 4560 3057 7032 35 693
1598676544 15997 4561 3057 7032 35 693
1598847383 15997 4561 3065 7032 35 693
1598851148 15997 4563 3065 7032 35 693
1598858859 16003 4563 3065 7032 35 693
1598859532 16030 4563 3065 7032 35 693
1598859736 16032 4563 3065 7032 35 693
1598868715 16032 4634 3065 7032 35 693
1598960944 16185 4634 3065 7032 35 693
1599009449 16187 4634 3065 7032 35 693
1599010517 16187 4642 3065 7032 35 693
1599012001 16204 4642 3065 7032 35 693
1599016504 16204 4644 3065 7032 35 693
1599016816 16204 4727 3065 7032 35 693
1599023493 16206 4727 3065 7032 35 693
1599033084 16206 4728 3065 7032 35 693
1599045417 16216 4728 3065 7032 35 693
1599045455 16216 4728 3065 7032 35 693
1599285591 16216 4736 3065 7032 35 693
1599376784 16216 4737 3065 7032 35 693
1599414924 16216 4759 3065 7032 35 693
1599417466 16216 4766 3065 7032 35 693
1599481879 16243 4766 3065 7032 35 693
1599483442 16322 4766 3065 7032 35 693
1599484072 16364 4766 3065 7032 35 693
1599484392 16366 4766 3065 7032 35 693
1599491166 16366 4767 3065 7032 35 693
1599537004 16497 4767 3065 7032 35 693
1599544164 16497 4767 3065 7032 35 693
1599561558 16498 4767 3065 7032 35 693
1599623802 16498 4767 3370 7032 35 693
1599632322 16498 4767 3434 7032 35 693
1599652577 16498 4767 3689 7032 35 693
1599720041 16653 4767 3689 7032 35 693
1599733998 16653 4767 3695 7032 35 693
1599751505 16653 4767 4446 7032 35 693
1599752379 16653 4767 4510 7032 35 693
1599840660 16653 4767 4512 7032 35 693
1599842360 16653 4767 4528 7032 35 693
1599844790 16653 4767 4536 7032 35 693
1599847781 16653 4767 4634 7032 35 693
1599913181 16665 4767 4634 7032 35 693
1599923303 16665 4767 4661 7032 35 693
1599925861 16665 4767 4684 7032 35 693
1599935592 16665 4767 4733 7032 35 693
1600008778 16665 4767 4748 7032 35 693
1600009097 16665 4767 4752 7032 35 693
1600011162 16665 4767 4753 7032 35 693
1600049802 16665 4788 4753 7032 35 693
1600082663 16665 4788 4791 7032 35 693
1600103033 16665 4788 4816 7032 35 693
1600103975 16665 4788 4835 7032 35 693
1600104527 16665 4788 4836 7032 35 693
1600104792 16665 4788 4837 7032 35 693
1600105012 16665 4788 4838 7032 35 693
1600105164 16665 4788 4839 7032 35 693
1600105494 16665 4788 4840 7032 35 693
1600106684 16665 4788 4872 7032 35 693
1600139429 16665 4788 4893 7032 35 693
1600150059 16668 4788 4893 7032 35 693
1600169438 16668 4792 4893 7032 35 693
1600169791 16668 4792 4894 7032 35 693
1600169871 16668 4828 4894 7032 35 693
1600169901 16668 4860 4894 7032 35 693
1600172464 16678 4860 4894 7032 35 693
1600177311 16678 4860 4908 7032 35 693
1600179336 16678 4860 4930 7032 35 693
1600180007 16678 4860 4938 7032 35 693
1600180297 16678 4860 4950 7032 35 693
1600182612 16678 4862 4950 7032 35 693
1600182655 16678 4862 4956 7032 35 693
1600182793 16678 4865 4956 7032 35 693
1600182952 16678 4865 4957 7032 35 693
1600188329 16678 4865 4980 7032 35 693
1600189063 16678 4865 5006 7032 35 693
1600195080 16678 4865 5008 7032 35 693
1600195816 16678 4865 5018 7032 35 693
1600237522 16678 4867 5018 7032 35 693
1600244684 16678 4867 5022 7032 35 693
1600246692 16678 4876 5022 7032 35 693
1600247116 16678 4876 5022 7032 35 693
1600247896 16678 4883 5022 7032 35 693
1600248091 16678 4888 5022 7032 35 693
1600249776 16678 4927 5022 7032 35 693
1600260771 16678 4927 5034 7032 35 693
1600262178 16678 4927 5037 7032 35 693
1600263704 16678 4927 5068 7032 35 693
1600270597 16678 4927 5117 7032 35 693
1600274497 16678 4927 5118 7032 35 693
1600274880 16678 4927 5124 7032 35 693
1600275315 16678 4927 5125 7032 35 693
1600275820 16678 4927 5125 7032 35 693
1600276053 16678 4927 5127 7032 35 693
1600277217 16678 4927 5136 7032 35 693
1600277823 16678 4927 5137 7032 35 693
1600278388 16678 4934 5137 7032 35 693
1600278756 16678 4934 5150 7032 35 693
1600279787 16678 4934 5154 7032 35 693
1600280325 16678 4934 5158 7032 35 693
1600281641 16678 4934 5173 7032 35 693
1600340158 16678 4934 5179 7032 35 693
1600343511 16678 4934 5201 7032 35 693
1600344956 16678 4934 5586 7032 35 693
1600345382 16678 4934 5588 7032 35 693
1600353509 16678 4934 5644 7032 35 693
1600353990 16678 4934 5657 7032 35 693
1600359715 16678 4937 5657 7032 35 693
1600359825 16678 4939 5657 7032 35 693
1600425527 16696 4939 5657 7032 35 693
1600447225 16696 4939 5697 7032 35 693
1600453773 16696 4939 5772 7032 35 693
1600454012 16696 4939 5772 7032 35 693
1600623587 16696 4939 5943 7032 35 693
1600623862 16696 4973 5943 7032 35 693
1600623913 16696 4988 5943 7032 35 693
1600624850 16696 4988 5949 7032 35 693
1600624960 16696 4988 5951 7032 35 693
1600628473 16696 4988 5965 7032 35 693
1600630825 16696 4988 5967 7032 35 693
1600631497 16696 4988 6050 7032 35 693
1600632141 16696 4988 6053 7032 35 693
1600662509 16696 4992 6053 7032 35 693
1600665544 16696 4997 6053 7032 35 693
1600666120 16696 4997 6063 7032 35 693
1600666726 16696 4997 6065 7032 35 693
1600669218 16696 4997 6069 7032 35 693
1600671432 16696 4997 6071 7032 35 693
1600686147 16696 4997 6205 7032 35 693
1600699827 16696 4997 6213 7032 35 693
1600699945 16696 4997 6222 7032 35 693
1600700548 16696 4997 6248 7032 35 693
1600702636 16696 5042 6248 7032 35 693
1600702711 16696 5045 6248 7032 35 693
1600702757 16696 5045 6248 7032 35 693
1600702786 16696 5046 6248 7032 35 693
1600702941 16696 5046 6293 7032 35 693
1600705195 16696 5046 6367 7032 35 693
1600707988 16696 5086 6367 7032 35 693
1600711369 16696 5086 6395 7032 35 693
1600715718 16696 5086 6397 7032 35 693
1600753762 16696 5086 6513 7032 35 693
1600754164 16696 5086 6517 7032 35 693
1600769329 16696 5086 6550 7032 35 693
1600781230 16696 5086 6551 7032 35 693
1600786461 16696 5196 6551 7032 35 693
1600789034 16696 5196 6660 7032 35 693
1600793988 16696 5199 6660 7032 35 693
1600797053 16696 5199 6666 7032 35 693
1600797542 16696 5202 6666 7032 35 693
1600797651 16696 5205 6666 7032 35 693
1600798251 16696 5206 6666 7032 35 693
1600798609 16696 5206 6667 7032 35 693
1600868973 16696 5206 6707 7032 35 693
1600870894 16696 5206 6708 7032 35 693
1601024767 16714 5206 6708 7032 35 693
1601024883 16714 5211 6708 7032 35 693
1601034993 16762 5211 6708 7032 35 693
1601035158 16762 5211 6708 7032 35 693
1601035967 16807 5211 6708 7032 35 693
1601036278 16812 5211 6708 7032 35 693
1601049113 16812 5211 6739 7032 35 693
1601089220 16812 5214 6739 7032 35 693
1601091012 16815 5214 6739 7032 35 693
1601091051 16815 5214 6739 7032 35 693
1601099799 16881 5214 6739 7032 35 693
1601122101 16895 5214 6739 7032 35 693
1601122499 16921 5214 6739 7032 35 693
1601131893 16978 5214 6739 7032 35 693
1601133362 16978 5216 6739 7032 35 693
1601141125 16978 5222 6739 7032 35 693
1601143239 16978 5222 6745 7032 35 693
1601144428 16978 5222 6746 7032 35 693
1601172945 16991 5222 6746 7032 35 693
1601172986 16991 5222 6746 7032 35 693
1601173889 17037 5222 6746 7032 35 693
1601176915 17037 5222 6747 7032 35 693
1601194260 17037 5222 6764 7032 35 693
1601194294 17069 5222 6764 7032 35 693
1601194328 17069 5222 6764 7032 35 693
1601197973 17069 5222 6909 7032 35 693
1601215563 17074 5222 6909 7032 35 693
1601215597 17074 5222 6909 7032 35 693
1601220065 17074 5222 6976 7032 35 693
1601220809 17078 5222 6976 7032 35 693
1601220886 17078 5222 6976 7032 35 693
1601221438 17078 5222 8156 7032 35 693
1601221928 17099 5222 8156 7032 35 693
1601221985 17099 5222 8156 7032 35 693
1601222047 17101 5222 8156 7032 35 693
1601222681 17101 5222 8156 7032 35 693
1601225534 17101 5222 8255 7032 35 693
1601228684 17101 5225 8255 7032 35 693
1601229042 17101 5264 8255 7032 35 693
1601234125 17101 5264 8276 7032 35 693
1601234818 17101 5264 8276 7032 35 693
1601290636 17101 5264 8276 7032 35 693
1601291051 17101 5264 8286 7032 35 693
1601291852 17148 5264 8286 7032 35 693
1601304627 17148 5264 8295 7032 35 693
1601310049 17148 5264 8360 7032 35 693
1601313316 17148 5264 8445 7032 35 693
1601319578 17148 5264 8456 7032 35 693
1601341102 17214 5264 8456 7032 35 693
1601341134 17214 5264 8456 7032 35 693
1601349672 17216 5264 8456 7032 35 693
1601356288 17218 5264 8456 7032 35 693
1601384473 17218 5264 8463 7032 35 693
1601435500 17218 5281 8463 7032 35 693
1601437087 17218 5288 8463 7032 35 693
1601437149 17218 5289 8463 7032 35 693
1601438851 17218 5293 8463 7032 35 693
1601439725 17218 5294 8463 7032 35 693
1601440341 17218 5296 8463 7032 35 693
1601443545 17218 5296 8493 7032 35 693
1601448757 17218 5297 8493 7032 35 693
1601450854 17218 5297 8494 7032 35 693
1601460458 17223 5297 8494 7032 35 693
1601468833 17223 5297 8995 7032 35 693
1601469253 17223 5297 8998 7032 35 693
1601470048 17223 5297 8999 7032 35 693
1601471686 17223 5297 8999 7032 35 693
1601477172 17223 5297 9049 7032 35 693
1601477468 17223 5298 9049 7032 35 693
1601477722 17223 5298 9194 7032 35 693
1601481363 17223 5298 9196 7032 35 693
1601482427 17223 5303 9196 7032 35 693
1601482676 17223 5303 9196 7032 35 693
1601482690 17223 5303 9196 7032 35 693
1601482719 17223 5303 9196 7032 35 693
1601485107 17223 5303 10302 7032 35 693
1601485784 17223 5304 10302 7032 35 693
1601487736 17223 5395 10302 7032 35 693
1601488774 17223 5395 10305 7032 35 693
1601493143 17223 5401 10305 7032 35 693
1601493243 17223 5405 10305 7032 35 693
1601557030 17223 5405 10309 7032 35 693
1601566189 17223 5405 10328 7032 35 693
1601569911 17223 5405 10338 7032 35 693
1601570461 17223 5405 10342 7032 35 693
1601570504 17223 5405 10343 7032 35 693
1601575354 17223 5405 10352 7032 35 693
1601620997 17223 5430 10352 7032 35 693
1601711388 17223 5430 10377 7032 35 693
1601744131 17223 5430 10431 7032 35 693
1601744471 17223 5430 10433 7032 35 693
1601876762 17223 5430 10438 7032 35 693
1601893533 17223 5430 10440 7032 35 693
1601898536 17223 5430 10440 7032 35 693
1601902760 17223 5430 10480 7032 35 693
1601912758 17223 5452 10480 7032 35 693
1601912989 17223 5453 10480 7032 35 693
1601916718 17223 5453 10488 7032 35 693
1601916813 17223 5454 10488 7032 35 693
1601916874 17223 5454 10489 7032 35 693
1601917956 17223 5454 10490 7032 35 693
1601918522 17223 5455 10490 7032 35 693
1601920315 17223 5455 10498 7032 35 693
1601921171 17223 5492 10498 7032 35 693
1601922455 17223 5492 10498 7032 35 693
1601924416 17223 5492 10499 7032 35 693
1601973388 17223 5492 10501 7032 35 693
1601974876 17223 5493 10501 7032 35 693
1601976844 17223 5499 10501 7032 35 693
1601978155 17223 5507 10501 7032 35 693
1601979819 17223 5519 10501 7032 35 693
1601988301 17223 5519 10557 7032 35 693
1601989129 17223 5519 10563 7032 35 693
1601990418 17223 5519 10573 7032 35 693
1601990844 17223 5519 10582 7032 35 693
1601992275 17223 5519 10595 7032 35 693
1601993599 17223 5519 10596 7032 35 693
1601995317 17223 5530 10596 7032 35 693
1601996504 17223 5530 10655 7032 35 693
1601997059 17223 5532 10655 7032 35 693
1601998348 17223 5532 10660 7032 35 693
1601998586 17223 5532 10666 7032 35 693
1602002366 17223 5532 10667 7032 35 693
1602007869 17223 5606 10667 7032 35 693
1602009285 17223 5606 10669 7032 35 693
1602055504 17223 5609 10669 7032 35 693
1602085979 17223 5609 10683 7032 35 693
1602094211 17223 5609 10684 7032 35 693
1602095465 17223 5609 10688 7032 35 693
1602095935 17223 5609 10690 7032 35 693
1602133876 17223 5612 10690 7032 35 693
1602416979 17223 5612 10864 7032 35 693
1602417291 17223 5612 10870 7032 35 693
1602417461 17223 5612 10871 7032 35 693
1602417859 17223 5612 10872 7032 35 693
1602519229 17223 5620 10872 7032 35 693
1603534282 17223 5671 10872 7032 35 693
1603547070 17223 5693 10872 7032 35 693
1603770807 17223 5701 10872 7032 35 693
1603799482 17223 5761 10872 7032 35 693
1603806294 17223 5761 10874 7032 35 693
1603809288 17223 5761 10885 7032 35 693
1603815265 17223 5817 10885 7032 35 693
1603987597 17223 5817 10963 7032 35 693
1604378622 17223 5817 10964 7032 35 693
1604378848 17223 5817 10966 7032 35 693
1604652628 17223 5817 11117 7032 35 693
1604653032 17223 5817 11119 7032 35 693
1604655173 17223 5819 11119 7032 35 693
1604764105 17223 6006 11119 7032 35 693
1604821973 17223 6006 11190 7032 35 693
1604822383 17223 6006 11191 7032 35 693
1604839040 17223 6006 11192 7032 35 693
1604849322 17223 6131 11192 7032 35 693
1604850452 17223 6134 11192 7032 35 693
1604855168 17223 6195 11192 7032 35 693
1604922471 17223 6195 11256 7032 35 693
1604922731 17223 6195 11257 7032 35 693
1604925268 17223 6195 11262 7032 35 693
1604926799 17223 6195 11340 7032 35 693
1604927308 17223 6195 11345 7032 35 693
1604930078 17223 6195 11346 7032 35 693
1604985851 17223 6195 11352 7032 35 693
1604985866 17223 6195 11356 7032 35 693
1604986349 17223 6195 11362 7032 35 693
1605029938 17223 6195 11368 7032 35 693
1605165407 17223 6199 11368 7032 35 693
1605168261 17223 6199 11373 7032 35 693
1605176597 17223 6203 11373 7032 35 693
1605192891 17223 6203 11393 7032 35 693
1605420703 17223 6381 11393 7032 35 693
1605421106 17223 6386 11393 7032 35 693
1605421171 17223 6387 11393 7032 35 693
1605440451 17223 6387 11413 7032 35 693
1605488185 17223 6522 11413 7032 35 693
1605496837 17223 6523 11413 7032 35 693
1605513700 17223 6538 11413 7032 35 693
1605539163 17223 6538 11414 7032 35 693
1605541715 17223 6538 11415 7032 35 693
1605542397 17223 6538 11416 7032 35 693
1605582562 17223 6543 11416 7032 35 693
1605583056 17223 6548 11416 7032 35 693
1605583263 17223 6554 11416 7032 35 693
1605596170 17223 6554 11417 7032 35 693
1605601696 17223 6554 11428 7032 35 693
1605603407 17223 6554 11429 7032 35 693
1605603941 17223 6554 11437 7032 35 693
1605604321 17223 6554 11439 7032 35 693
1605604809 17223 6554 11440 7032 35 693
1605606240 17223 6554 11442 7032 35 693
1605606751 17223 6554 11444 7032 35 693
1605607157 17223 6562 11444 7032 35 693
1605607613 17223 6564 11444 7032 35 693
1605607813 17223 6565 11445 7032 35 693
1605608387 17223 6566 11445 7032 35 693
1605608537 17223 6567 11445 7032 35 693
1605608801 17223 6576 11445 7032 35 693
1605608937 17223 6576 11445 7032 35 693
1605609518 17223 6577 11445 7032 35 693
1605610036 17223 6578 11445 7032 35 693
1605612595 17223 6584 11445 7032 35 693
1605612707 17223 6764 11445 7032 35 693
1605613496 17223 6765 11445 7032 35 693
1605625324 17223 6772 11445 7032 35 693
1605625607 17223 6773 11445 7032 35 693
1605626217 17223 6776 11445 7032 35 693
1605628014 17223 6825 11445 7032 35 693
1605628116 17223 6827 11445 7032 35 693
1605628551 17223 6835 11445 7032 35 693
1605628701 17223 6843 11445 7032 35 693
1605630515 17223 6844 11445 7032 35 693
1605631750 17223 6844 11446 7032 35 693
1605632817 17223 6844 11447 7032 35 693
1605698068 17223 6844 11499 7032 35 693
1605718808 17223 6854 11499 7032 35 693
1605956141 17223 6855 11499 7032 35 693
1605968487 17223 6855 11716 7032 35 693
1605975136 17223 6855 11717 7032 35 693
1605975263 17223 6855 11718 7032 35 693
1605975750 17223 6855 11719 7032 35 693
1605979361 17223 6855 11873 7032 35 693
1606052137 17223 6859 11873 7032 35 693
1606058478 17223 6861 11873 7032 35 693
1606059843 17223 6863 11873 7032 35 693
1606063683 17223 6868 11873 7032 35 693
1606100678 17223 6869 11873 7032 35 693
1606119894 17223 6869 11897 7032 35 693
1606131139 17223 6870 11897 7032 35 693
1606131596 17223 6909 11897 7032 35 693
1606146926 17223 6911 11897 7032 35 693
1606146977 17223 6915 11897 7032 35 693
1606147150 17223 6919 11897 7032 35 693
1606207661 17223 6950 11897 7032 35 693
1606208340 17223 6951 11897 7032 35 693
1606208375 17223 6952 11897 7032 35 693
1606208647 17223 6952 11899 7032 35 693
1606210157 17223 7015 11899 7032 35 693
1606213824 17223 7015 11904 7032 35 693
1606302997 17223 7017 11904 7032 35 693
1606323788 17223 7020 11904 7032 35 693
1606323840 17223 7030 11904 7032 35 693
1606330031 17223 7030 11924 7032 35 693
1606331249 17223 7030 11929 7032 35 693
1606365118 17223 7032 11929 7032 35 693
1606365899 17223 7033 11929 7032 35 693
1606372902 17223 7033 11936 7032 35 693
1606386833 17223 7035 11936 7032 35 693
1606397308 17223 7044 11936 7032 35 693
1606403300 17223 7055 11936 7032 35 693
1606404844 17223 7076 11936 7032 35 693
