1514352339 10068
1514371980 10255
1514396292 10486
1514485711 10316
1514704452 10392
1514704609 10396
1514706913 10435
1514707689 10436
1514887601 10542
1514956826 10543
1514968544 10566
1514970458 10566
1514970563 10566
1514972856 10584
1515082771 10591
1515226850 10639
1515298426 10753
1515315112 10920
1515405710 10962
1515566838 10993
1515566882 11879
1515573159 11919
1515573429 11921
1515596519 11951
1515687940 11983
1515745023 11987
1515826408 12011
1515897888 13473
1515934551 13565
1515942263 13588
1516021516 13594
1516023450 13639
1516034251 13409
1516118754 13451
1516204175 13527
1516530043 13588
1517067686 13588
1517075094 13685
1517133129 13808
1517138476 13877
1517138967 13870
1517150630 13963
1517151142 13968
1517151437 13960
1517152965 13993
1517153716 14199
1517154384 14223
1517155551 14269
1517155703 14269
1517194045 14273
1517197245 14273
1518012030 14287
1520480120 14287
1520481209 14308
1520837310 15243
1520841872 15467
1529997573 14668
1530588700 35664
1530598418 35662
1531966175 36460
1532015602 39639
1532045287 39622
1532062628 39659
1532076391 39660
1532087133 39686
1532101498 39686
1532105388 39685
1532167446 39720
1532187145 39714
1532194090 39714
1532233449 39719
1532234065 39727
1532313299 39727
1532326476 39733
1532334057 39795
1532338396 39909
1532339688 39915
1532340058 39924
1532400124 39908
1532400316 39955
1532400379 39964
1532421610 39994
1532431052 39997
1532460496 40272
1532460554 40294
1532460585 40285
1532460607 40289
1532460631 40311
1532495031 40352
1532505531 40353
1532505587 40372
1532569901 40196
1532575653 40193
1532578162 40340
1532595119 40334
1532599660 40346
1532600467 40334
1532605634 40686
1532614663 40645
1532615457 40626
1532615863 40626
1532660043 40737
1532660626 40738
1532684560 40883
1532686355 40883
1532831904 40886
1532864802 41040
1532920418 41041
1532923003 41042
1532939445 41043
1532947433 41096
1533035668 41126
1533035852 41119
1533036773 40483
1533117482 40752
1533176064 40720
1533177804 40728
1533282549 40731
1533309956 40744
1533361838 40752
1533401580 38699
1533429618 38693
1533441991 38695
1533451311 38696
1533451799 38676
1533528552 38526
1533528707 38526
1533629695 38524
1533629712 38528
1533723013 38528
1533723018 38561
1533876244 38657
1533883538 38661
1533888125 38657
1533893394 38684
1533895205 38684
1534131870 38693
1534147849 38707
1534178979 38708
1534265832 37967
1534306617 38942
1534314558 38943
1534322286 37972
1534379803 37994
1534417251 37849
1534417376 37998
1534417848 37998
1534482767 38029
1534529606 37970
1534691295 37957
1534745783 37956
1534761294 36320
1534761333 36299
1534761353 36296
1534778092 36308
1534988806 36304
1535018321 36312
1535107178 36350
1536120454 36360
1536203012 36471
1536299529 36472
1536305647 36531
1536308086 36531
1536317547 36532
1536564314 36534
1536637126 36537
1536637994 36541
1536643107 36584
1536662271 36635
1536662997 36635
1536680400 36644
1536686422 36676
1536687684 36676
1536825360 36688
1537195128 36688
1537195133 36696
1537203418 36706
1537242268 36712
1537428052 36761
1537433984 36762
1537527667 36793
1537529743 36733
1537549027 36757
1537770378 36754
1537782769 36754
1537806070 36754
1537848760 36764
1537860777 36758
1537935432 36793
1537935552 36797
1537952429 36792
1538014541 36801
1538558967 36804
1538626585 37605
1538737178 37610
1538744292 40514
1538967651 40531
1538969760 40531
1539163311 40614
1539239003 40759
1539313831 40753
1539324426 40762
1539336087 40774
1539525299 40947
1539572218 40986
1539572509 40972
1539572798 40974
1539662324 40999
1539662843 39469
1539678205 39470
1539681024 39469
1539686447 39986
1539687264 39986
1539688799 39988
1539855275 40437
1539862898 40489
1540181734 41131
1540200082 40896
1540279442 40818
1540349728 40908
1540373153 40922
1540381617 40925
1540386051 40925
1540386081 40960
1540446327 40976
1540461495 40979
1540462022 40987
1540465312 40995
1540531587 40986
1540544667 40991
1540548175 40998
1540549766 41004
1540550987 41020
1540788710 41020
1540811315 41017
1540891806 41024
1540893665 41029
1540958869 41011
1540976875 41396
1540977518 41781
1541014239 41754
1541065149 41767
1541066168 41770
1541085667 41797
1541097890 41827
1541233568 41902
1541233605 41902
1541262282 41952
1541395117 41953
1541395123 41959
1541399129 41955
1541412214 41955
1541415848 41983
1541416595 41979
1541432289 41980
1541432431 41986
1541493000 41990
1541495951 41992
1541499508 42087
1541500123 42114
1541507843 42141
1541507927 42145
1541508775 42145
1541514747 42220
1541526952 42220
1541527019 42230
1541527035 42230
1541527080 42255
1541557644 42257
1541560745 42257
1541566645 42258
1541567103 42258
1541567753 42285
1541568509 42288
1541571337 42294
1541571355 42296
1541572414 42295
1541589387 42297
1541589451 42383
1541608678 42397
1541608693 42399
1541608721 42399
1541615741 42417
1541615807 42428
1541619710 42433
1541621302 42439
1541621589 42441
1541658029 42458
1541673405 42459
1541678596 42462
1541744734 42463
1541751297 42463
1541758423 42464
1541827306 42464
1541831547 42455
1541842722 42458
1541845031 42469
1541845045 42469
1541846520 42466
1541916740 42469
1541919409 42629
1541927205 42632
1541927294 42632
1541927327 42632
1541928932 42632
1541949652 42745
1541953904 42745
1541954859 42745
1542004495 42765
1542162926 42792
1542361274 42794
1542536826 43013
1542769153 43331
1542772250 43467
1542796183 43467
1542796190 43474
1542809105 43478
1543210437 43557
1543210451 43557
1543403569 43568
1543461369 43625
1543479644 44449
1543547503 44613
1543835371 44613
1543835424 46074
1543917951 49713
1543923287 50735
1544007510 50960
1544094275 51281
1544177127 51309
1544177394 51309
1544408401 51319
1544435504 51383
1544440454 51447
1544521484 51663
1544523668 51706
1544526020 51709
1544529641 51709
1544538213 51762
1544590899 51836
1544606421 51851
1544606486 51994
1544606544 51990
1544615853 52954
1544616033 53317
1544701047 54139
1544786351 54299
1544805356 55026
1544847446 55070
1544862584 55248
1544951970 55733
1544957880 55763
1544967827 55856
1544969918 51559
1544973142 51664
1545036464 51727
1545050054 51845
1545050095 51943
1545062501 51996
1545065421 52059
1545138188 52207
1545138230 52439
1545229243 52603
1545229379 52623
1545314461 52739
1545314565 53137
1545314579 53100
1545455608 53314
1545455642 53449
1545552245 53508
1545552282 53638
1545553059 53642
1545553105 53699
1545630508 53697
1545630540 53703
1545728699 53793
1545728739 53888
1545813725 54020
1545813754 54025
1545822218 54059
1545822364 53833
1545897205 53842
1545897227 53441
1545897833 53809
1545907623 53606
1545910211 53606
1545991056 53686
1545991091 53776
1545992643 53776
1545994857 53777
1546016876 53773
1546016943 53772
1546016984 53773
1546017060 53773
1546228114 53800
1546362340 68744
1546365250 53800
1546410060 53800
1546502420 53860
1546566956 53896
1546566997 55129
1546567090 55284
1546568315 55276
1546596963 54879
1546664596 55498
1546669718 55696
1546672122 55669
1546696185 55869
1546696377 55869
1546710737 55880
1546710825 55889
1546713204 55902
1546734796 55913
1546738196 55912
1546748893 55917
1546748915 55940
1546763459 56135
1546764047 56135
1546764156 56143
1546768618 56109
1546773508 56107
1546777591 56120
1546781365 56137
1546783687 56140
1546784896 56141
1546796235 56615
1546847247 56779
1546852558 56779
1546853575 56784
1546854659 56767
1546878005 56931
1546878025 56941
1546880110 56186
1546880133 56184
1546883331 56179
1546883877 56214
1546884381 56214
1546918520 56240
1546937961 56329
1546949835 56382
1547069121 56402
1547069146 56403
1547069150 56418
1547069157 56418
1547069203 56435
1547084477 56432
1547085337 56432
1547101035 56448
1547101950 56000
1547113296 56039
1547115059 56039
1547181538 56039
1547183048 56044
1547191419 56046
1547193047 56047
1547196890 56048
1547199149 56062
1547223825 56057
1547224765 56057
1547226201 56061
1547262264 56290
1547263622 56291
1547269443 56290
1547270911 56292
1547272351 56297
1547274592 56322
1547285209 56151
1547287128 56163
1547288104 56194
1547306784 56222
1547307324 56223
1547311644 56226
1547312245 56223
1547353100 56222
1547353744 56218
1547385068 56189
1547386187 56193
1547389566 56196
1547397740 56170
1547399625 56173
1547480563 56300
1547524308 56322
1547573465 56340
1547615724 56340
1547616109 56327
1547616405 56343
1547619096 56380
1547620415 56477
1547622884 56476
1547703222 56526
1547704193 56599
1547707663 56621
1547708337 56658
1547780285 56660
1547781851 56675
1547785089 56671
1547788252 56678
1547789426 56686
1547922912 56688
1548007153 56695
1548035054 56695
1548042892 56695
1548043410 56694
1548043682 56688
1548057985 56692
1548064506 56693
1548124025 56721
1548130775 56722
1548153607 56724
1548159853 56728
1548172510 56728
1548177084 57448
1548210529 57443
1548219665 57537
1548233027 57542
1548239816 57579
1548240457 57580
1548242047 57607
1548250927 57612
1548251019 57625
1548251179 57606
1548261708 57597
1548298876 57677
1548302941 57701
1548305461 57710
1548311060 57729
1548311956 57735
1548313322 57736
1548317388 57759
1548328732 57738
1548330295 57740
1548333212 57740
1548341297 57740
1548394554 57745
1548395086 57747
1548399653 57748
1548406505 57748
1548696984 57753
1548734191 57752
1548849601 57974
1548928576 58039
1549008058 58471
1549016207 58511
1549032106 58511
1549092956 58541
1549131938 59191
1549196610 59853
1549212070 59858
1549250658 59858
1549935148 59858
1549941700 59960
1549955919 60595
1549971550 60633
1549977665 60641
1550037210 60643
1550110441 60840
1550113745 60872
1550114615 60948
1550116433 60948
1550130959 60949
1550196135 61052
1550201450 61080
1550201852 61318
1550217482 61318
1550223273 61370
1550223282 61419
1550223810 61415
1550380473 61574
1550479526 61580
1550493130 61387
1550755152 61424
1550756181 61424
1550812198 61434
1550827199 61443
1550944814 61422
1551015102 61458
1551017920 61458
1551058079 61498
1551146448 61681
1551147380 61681
1551262540 61741
1551280718 61744
1551322634 61742
1551324863 61846
1551333087 62388
1551340624 62387
1551429187 62424
1551455405 62472
1551491949 62481
1551524147 62481
1551592251 62445
1551614809 62477
1551685883 62485
1551690746 62588
1551691851 62598
1551748952 62609
1551762212 62618
1551782558 62630
1551840691 63139
1551866853 63134
1551937194 63261
1551952010 63313
1551975411 63341
1552064692 63647
1552069248 63733
1552102707 63783
1552117341 63814
1552132327 63814
1552140970 63836
1552297120 63858
1552357065 63889
1552405013 63917
1552406273 63937
1552452625 63937
1552458339 63945
1552460217 63945
1552556521 63946
1552557405 63961
1552614522 63961
1552646304 63961
1552876726 64109
1552878881 64244
1552892747 64244
1553052312 64249
1553076060 64262
1553149327 65585
1553153421 65587
1553155161 65589
1553445490 65583
1553619345 65607
1553655116 65719
1553656419 65719
1553660814 65720
1553676855 65722
1553679960 65721
1553692233 65721
1553755352 65728
1553824155 65714
1553860770 65711
1553938794 65711
1554013539 65760
1554025624 65755
1554087734 65737
1554100290 65721
1554176072 65847
1554176306 65847
1554190594 65862
1554196024 65929
1554361871 66084
1554362578 66085
1554378180 66092
1554384856 66046
1554696390 66026
1554698437 66028
1554706502 66022
1554708356 66022
1554727793 66028
1554780529 66019
1554786202 66027
1554878112 66064
1554882624 66147
1554911289 66204
1554967276 66275
1555038538 66297
1555055871 66302
1555065186 66302
1555138131 66302
1555905530 66300
1555916013 66330
1555926873 66526
1555953387 66529
1555990395 66598
1556079636 66596
1556163580 66597
1556764384 67834
1557130791 68008
1557680436 68414
1557735944 68443
1557739419 68443
1558005557 70271
1558168997 70403
1558246066 70415
1558339510 70415
1558501820 70457
1558502305 70449
1558600762 70558
1558603590 70547
1558604666 70538
1558669762 70540
1558673789 70522
1558677172 70522
1559201791 70521
1559271221 70524
1559710980 70526
1559735027 70549
1559888192 70502
1560219850 70502
1560271348 70498
1560331849 70719
1560391550 70716
1560394967 70716
1560448187 70725
1560483369 70739
1560491882 70740
1560503393 70771
1560518379 70789
1560918574 70868
1560923476 70868
1560931557 70878
1561053593 70991
1561086914 71006
1561090394 71010
1561093316 71010
1561093673 71042
1561340860 71051
1561450145 71035
1562063864 71032
1562229964 71074
1562313731 71232
1562331867 71517
1562379363 71649
1562411411 71671
1562411867 71664
1562562683 71673
1562571252 71680
1562731731 71711
1562731792 71723
1562748510 71724
1562751505 71732
1562753257 71732
1562754789 71732
1562843131 72206
1562867119 72206
1562919888 72202
1562927874 72205
1562928404 72210
1563007736 72203
1563078619 72203
1563093720 72203
1563344532 72229
1563353130 72251
1563516098 72357
1563606663 72357
1563606933 72371
1563610120 72403
1563766216 72411
1563849430 72421
1564051606 72414
1564056450 72427
1564110470 72432
1564111987 72427
1564136775 72429
1564631767 72477
1564632189 72507
1564647491 72516
1564656721 72528
1564820386 72526
1565066422 72526
1565581027 73747
1565679106 73977
1565683775 73983
1565684836 73987
1565687084 74537
1565688499 74533
1565748461 74533
1565758958 74537
1565867442 74638
1565935330 74642
1565963703 74643
1566040544 74691
1566353896 74516
1566355152 74462
1566385669 74471
1566466512 74471
1566483055 74475
1566878181 74475
1567990435 74487
1568176759 74487
1568190300 74486
1568346511 74486
1568966034 74486
1569582231 74464
1569588263 74598
1569638079 74635
1569644317 74715
1569659743 74717
1569919353 74721
1569982072 74725
1570003234 74725
1570003811 74718
1571286050 75065
1571715505 75130
1571721155 75134
1571741210 75134
1571802165 75210
1571809380 75216
1571810704 75222
1571819752 75228
1571884992 75235
1571913986 75231
1572233333 75242
1573121303 75467
1573185452 75517
1573796034 75642
1573820430 75642
1573897392 75661
1574415690 75726
1574677999 75830
1575252871 76108
1575430242 76117
1575430826 76117
1575433623 76117
1575965613 76136
1578055904 76830
1584964501 83189
1584965668 83189
1584979631 83189
1585015324 83199
1585032937 83209
1585062824 83321
1585070420 83321
1585122693 83321
1585206871 83331
1585207125 83357
1585591314 83411
1585591498 83623
1585594257 83626
1585640118 83704
1585661341 83777
1585661698 83796
1585663450 83811
1585665546 83867
1585725289 83839
1585736695 83852
1585737479 83866
1585747712 83871
1585911054 84004
1585926330 84151
1585928093 84158
1585982100 84285
1586005482 84298
1586014182 84314
1586016380 84317
1586024355 84334
1586025063 84334
1586083442 84343
1586086361 84342
1586146598 84345
1586162844 84371
1586174482 84514
1586174825 84503
1586228922 84505
1586229718 84565
1586236511 84588
1586236835 84588
1586262100 84682
1586262368 84634
1586334988 84642
1586410629 84641
1586423733 84665
1586424208 84666
1586424578 84851
1586427806 84853
1586433079 84886
1586512660 84915
1586580690 84976
1586661469 84988
1586785449 84993
1586787340 84996
1586858367 85064
1586958450 85124
1586958749 85143
1587010233 85143
1587012305 85145
1587014052 85135
1587028370 85136
1587031236 85171
1587120497 85176
1587124130 85232
1587183197 85233
1587185982 85236
1587219335 85313
1587378121 85334
1587380461 85396
1587444786 85398
1587464746 85444
1587478153 85626
1587547556 85584
1587552540 85635
1587566077 85635
1587622779 85635
1587622951 85670
1587629565 85673
1587722415 85823
1587741669 85852
1587810760 85922
1587811576 85923
1587833291 85916
1587882708 86011
1587883113 86057
1587964490 86116
1587968091 86111
1587969010 86110
1587981690 86098
1587983841 86100
1588046153 86104
1588049719 86117
1588053969 86160
1588058617 86161
1588158008 86147
1588158364 86148
1588329474 86048
1588564981 86048
1588595505 86054
1588677373 85963
1588911354 85988
1588952254 85988
1589119050 85989
1589125803 85990
1589193119 85996
1589346026 85997
1589367108 86005
1589449982 86225
1589468121 86227
1589517699 86229
1589526828 86252
1589531505 86276
1589557281 87380
1589564914 86892
1589699249 86964
1589730049 87037
1589777203 87042
1589791486 87061
1589792184 87088
1589794750 87088
1589825026 87083
1589860298 87088
1589874006 87128
1589879537 87169
1589883229 87180
1589883400 87331
1589885509 87334
1589903042 87487
1589916229 87515
1589951284 87520
1589966474 87525
1589969108 87546
1590232003 87665
1590392162 87663
1590476278 87669
1590495380 87859
1590497745 87859
1590510674 87873
1590556528 87875
1590569670 87880
1590655604 87876
1590722136 87856
1590929398 87857
1590979709 87858
1590980307 87849
1590995945 87856
1590997791 87862
1591006140 88075
1591096296 88077
1591096536 88079
1591168096 88081
1591179158 88081
1591207456 88125
1591255389 88110
1591255764 88110
1591262051 88123
1591269240 88127
1591281175 88127
1591345572 88126
1591346006 88143
1591433205 88161
1591441687 88161
1591450719 88174
1591501364 88177
1591531555 88188
1591687603 88204
1591720359 88251
1591779518 88251
1591783277 88251
1591784721 88255
1591844338 88270
1591846422 88270
1591849882 88273
1591854908 88276
1591855140 88275
1591864929 88275
1592216263 88279
1592402728 88287
1592500762 88287
1592504988 88287
1592648644 88276
1592894974 88292
1592898634 88313
1592963163 88326
1592985660 88324
1593076279 88299
1593324933 88309
1593599347 88304
1594097422 88308
1595913654 75395
1595988518 75399
1597129828 75399
1597207272 75377
1597207372 75382
1597207473 75505
1597233963 75490
1597288331 75490
1597340808 75523
1597732834 89957
1597812308 90036
1598274456 90044
1598418064 90062
1598422191 90065
1598599946 91734
1598601376 91736
1598847802 91855
1598955696 91861
1599559867 91892
1599638538 91910
1599640291 91908
1599887774 91922
1600011922 91922
1600093626 91922
1600102108 91909
1600439646 91929
1600750855 91936
1600775062 91945
1600853563 91948
1600859123 91994
1600945358 92106
1601269134 92133
1601269312 92133
1601450009 92219
1601568280 92218
1601876931 92239
1601895666 92257
1601920765 92274
1602002276 92274
1602497885 92287
1602527135 92313
1602593755 92287
1603519393 92296
1603725175 92442
1603931198 92407
1604079138 92407
1604552360 92408
1604592417 92408
1604673089 92594
1605111194 92964
1605112030 93326
1605186447 93326
1605206859 93433
1605254550 93457
1605265706 93470
1605277883 93477
1605279121 93477
1605280574 93486
1605280789 93476
1605343746 93479
1605343769 93484
1605350291 93479
1605359579 93483
1605361721 93508
1605531254 93509
1605543531 93533
1605600412 93544
1605603753 93533
1605627279 93536
1605694340 93529
1605948897 93518
1606139974 93586
1606276982 93593
